-5.04626
-5.03054
-5.10156
-5.11225
-5.11366
-5.10305
-5.07998
-5.06545
-5.0555
-5.04969
-5.05971
-5.05483
-5.05184
-5.05258
-5.04239
-5.04326
-5.0375
-5.03074
-5.0286
-5.03516
-5.03051
-5.03104
-5.02452
-5.02663
-5.02389
-5.02609
-5.0276
-5.02906
-5.0295
-5.02937
-5.03189
-5.03081
-5.03092
-5.0305
-5.02687
-5.0247
-5.02011
-5.01873
-5.01993
-5.02107
-5.02161
-5.02018
-5.01977
-5.01954
-5.0179
-5.01889
-5.02046
-5.0209
-5.02486
-5.02483
-5.02282
-5.02242
-5.02364
-5.02582
-5.02622
-5.02472
-5.02419
-5.02332
-5.02149
-5.02085
-5.02106
-5.02237
-5.02355
-5.02627
-5.0293
-5.02842
-5.0298
-5.0289
-5.02804
-5.02763
-5.0265
-5.02488
-5.02566
-5.02557
-5.02524
-5.02624
-5.02858
-5.02625
-5.0262
-5.02449
-5.02273
-5.02258
-5.02256
-5.02248
-5.02207
-5.02377
-5.02557
-5.02517
-5.02768
-5.02644
-5.02593
-5.02652
-5.02628
-5.0272
-5.02667
-5.02676
-5.02688
-5.02672
-5.02697
-5.02662
-5.02623
-5.02571
-5.02368
-5.02312
-5.02144
-5.01951
-5.02163
-5.02207
-5.02242
-5.022
-5.01954
-5.02183
-5.0209
-5.01971
-5.02196
-5.02329
-5.02291
-5.02388
-5.0227
-5.02171
-5.02224
-5.02176
-5.02531
-5.02398
-5.02481
-5.02278
-5.02364
-5.02241
-5.0222
-5.02263
-5.02165
-5.02118
-5.02035
-5.02038
-5.02053
-5.02162
-5.02361
-5.02487
-5.02554
-5.02523
-5.02597
-5.02754
-5.02632
-5.02633
-5.02784
-5.02852
-5.02788
-5.02867
-5.02586
-5.02681
-5.02747
-5.0285
-5.02649
-5.0241
-5.02226
-5.02282
-5.02155
-5.02127
-5.02301
-5.02288
-5.02204
-5.02137
-5.0213
-5.01807
-5.01667
-5.01608
-5.01296
-5.01159
-5.01055
-5.01115
-5.01034
-5.01099
-5.00868
-5.00837
-5.00739
-5.00607
-5.00336
-5.00351
-5.0024
-5.00009
-4.99991
-4.9981
-4.99742
-4.99622
-4.99588
-4.9933
-4.99111
-4.99047
-4.98737
-4.98731
-4.98678
-4.98548
-4.98554
-4.98186
-4.98232
-4.98047
-4.97911
-4.97844
-4.97611
-4.97526
-4.97341
-4.97274
-4.97172
-4.97012
-4.96894
-4.96894
-4.96587
-4.9642
-4.96333
-4.96279
-4.96242
-4.95857
-4.95866
-4.95786
-4.95537
-4.95257
-4.95197
-4.94985
-4.94941
-4.94812
-4.94755
-4.94693
-4.9438
-4.94272
-4.94094
-4.9417
-4.93874
-4.9377
-4.93595
-4.93418
-4.93264
-4.93116
-4.93042
-4.92851
-4.92642
-4.9247
-4.92276
-4.92011
-4.91804
-4.91554
-4.91332
-4.91037
-4.90976
-4.90913
-4.90618
-4.90439
-4.90309
-4.90006
-4.89872
-4.89646
-4.89405
-4.89147
-4.89
-4.88906
-4.88907
-4.88837
-4.88851
-4.88732
-4.88558
-4.8844
-4.88444
-4.88378
-4.88089
-4.88024
-4.87672
-4.87664
-4.87598
-4.87663
-4.87692
-4.87459
-4.87367
-4.87208
-4.87346
-4.87243
-4.87216
-4.87112
-4.86954
-4.86812
-4.86742
-4.87072
-4.8719
-4.87238
-4.87116
-4.8708
-4.87053
-4.87033
-4.86972
-4.87038
-4.86859
-4.86825
-4.8688
-4.86767
-4.8657
-4.86622
-4.86489
-4.86457
-4.86392
-4.8641
-4.86414
-4.86481
-4.86474
-4.86449
-4.86398
-4.86408
-4.86513
-4.86658
-4.8668
-4.86647
-4.86718
-4.86694
-4.86747
-4.86838
-4.86811
-4.8688
-4.86852
-4.86855
-4.86815
-4.86993
-4.87063
-4.87032
-4.87196
-4.87314
-4.87155
-4.87331
-4.87428
-4.87383
-4.87444
-4.87509
-4.87663
-4.87767
-4.879
-4.88261
-4.88354
-4.8858
-4.88916
-4.88963
-4.89056
-4.89098
-4.89087
-4.8925
-4.89218
-4.8941
-4.89612
-4.897
-4.89764
-4.89636
-4.89724
-4.8986
-4.90022
-4.90028
-4.90194
-4.90233
-4.90346
-4.90575
-4.90633
-4.90581
-4.90427
-4.90598
-4.90637
-4.90742
-4.90735
-4.90779
-4.90967
-4.91217
-4.91418
-4.91651
-4.91909
-4.92081
-4.92197
-4.92291
-4.92397
-4.92484
-4.92337
-4.92362
-4.9254
-4.92549
-4.92653
-4.92957
-4.92857
-4.92943
-4.92939
-4.93129
-4.93265
-4.93264
-4.93422
-4.93475
-4.93566
-4.93687
-4.9394
-4.93895
-4.9384
-4.93882
-4.94044
-4.94256
-4.94252
-4.94384
-4.94462
-4.94504
-4.94583
-4.94759
-4.94833
-4.9497
-4.94958
-4.94996
-4.94959
-4.94842
-4.94856
-4.94994
-4.95005
-4.95054
-4.95228
-4.95315
-4.95289
-4.9527
-4.95317
-4.95402
-4.95588
-4.95658
-4.95827
-4.95761
-4.95685
-4.95702
-4.96024
-4.96044
-4.95984
-4.96073
-4.96219
-4.96335
-4.96163
-4.96133
-4.95965
-4.95763
-4.95806
-4.95786
-4.9579
-4.95939
-4.96059
-4.96269
-4.96313
-4.96297
-4.9641
-4.96301
-4.96178
-4.96202
-4.96234
-4.96557
-4.96742
-4.96806
-4.96808
-4.96779
-4.96914
-4.97139
-4.97245
-4.97183
-4.97212
-4.97237
-4.97651
-4.97697
-4.97838
-4.97834
-4.9772
-4.97594
-4.97435
-4.97275
-4.9715
-4.96999
-4.96953
-4.96762
-4.96635
-4.96697
-4.96773
-4.96776
-4.96911
-4.97074
-4.96966
-4.97141
-4.97215
-4.97141
-4.97244
-4.97086
-4.9709
-4.97018
-4.9713
-4.97149
-4.9704
-4.97044
-4.96973
-4.96855
-4.96755
-4.96903
-4.96865
-4.9688
-4.97002
-4.96931
-4.97136
-4.97156
-4.9719
-4.97387
-4.97653
-4.97515
-4.97661
-4.97685
-4.97714
-4.97692
-4.97701
-4.97835
-4.97921
-4.97893
-4.98186
-4.98233
-4.98138
-4.98078
-4.98149
-4.98227
-4.98355
-4.98424
-4.98413
-4.98224
-4.98138
-4.98375
-4.98263
-4.98264
-4.9809
-4.98001
-4.98057
-4.98191
-4.98106
-4.98179
-4.98323
-4.98264
-4.98388
-4.98325
-4.9825
-4.98319
-4.98371
-4.98387
-4.98264
-4.98302
-4.9832
-4.98302
-4.98305
-4.98312
-4.98423
-4.98404
-4.98382
-4.9816
-4.98023
-4.98002
-4.98091
-4.98205
-4.98128
-4.98105
-4.98122
-4.97971
-4.98035
-4.98136
-4.97956
-4.97844
-4.9767
-4.97567
-4.97743
-4.97808
-4.979
-4.97866
-4.97962
-4.97807
-4.97731
-4.9779
-4.97868
-4.97844
-4.97671
-4.97668
-4.97537
-4.97328
-4.97236
-4.97124
-4.96983
-4.9697
-4.97099
-4.97113
-4.97137
-4.97029
-4.96865
-4.96879
-4.96969
-4.96988
-4.97126
-4.97124
-4.97194
-4.97091
-4.97179
-4.97224
-4.96924
-4.96974
-4.96881
-4.9693
-4.9702
-4.9681
-4.96579
-4.96601
-4.96475
-4.96361
-4.96439
-4.96395
-4.96412
-4.96373
-4.96367
-4.96377
-4.96144
-4.96097
-4.96057
-4.96108
-4.96087
-4.96
-4.95891
-4.95836
-4.95757
-4.95969
-4.95918
-4.95761
-4.95837
-4.95633
-4.95666
-4.95742
-4.95869
-4.95745
-4.95812
-4.9577
-4.95717
-4.95806
-4.95786
-4.95855
-4.96107
-4.95919
-4.95719
-4.95625
-4.95655
-4.95474
-4.95526
-4.95458
-4.95398
-4.95426
-4.95385
-4.95338
-4.95379
-4.95374
-4.95196
-4.95138
-4.9507
-4.94974
-4.94974
-4.94809
-4.94685
-4.94779
-4.94721
-4.94693
-4.94663
-4.94646
-4.94629
-4.94669
-4.94666
-4.94583
-4.94676
-4.94679
-4.94811
-4.94891
-4.94982
-4.94865
-4.94765
-4.94775
-4.9487
-4.94915
-4.94976
-4.95066
-4.95047
-4.95063
-4.95199
-4.95153
-4.95112
-4.9504
-4.94906
-4.94849
-4.94714
-4.94777
-4.94596
-4.94441
-4.94324
-4.94198
-4.94014
-4.93954
-4.93864
-4.93805
-4.93846
-4.93699
-4.93568
-4.93481
-4.93394
-4.9332
-4.93264
-4.93133
-4.93112
-4.92968
-4.92932
-4.92974
-4.92916
-4.92801
-4.92765
-4.92746
-4.92472
-4.92402
-4.9236
-4.92157
-4.92145
-4.92177
-4.92107
-4.91998
-4.91983
-4.91822
-4.91891
-4.91948
-4.91853
-4.91771
-4.9171
-4.916
-4.91283
-4.91104
-4.90886
-4.90726
-4.90675
-4.90517
-4.90472
-4.90348
-4.90107
-4.90091
-4.90057
-4.89882
-4.89772
-4.89799
-4.89661
-4.89754
-4.89695
-4.89595
-4.89517
-4.89384
-4.89299
-4.89094
-4.89078
-4.88964
-4.88927
-4.88841
-4.8867
-4.88497
-4.88434
-4.88327
-4.88224
-4.8808
-4.87907
-4.87771
-4.87731
-4.87736
-4.8753
-4.87572
-4.87426
-4.87385
-4.8713
-4.87123
-4.87053
-4.87151
-4.87048
-4.86821
-4.86684
-4.86552
-4.86545
-4.86418
-4.86391
-4.86305
-4.86121
-4.86079
-4.85895
-4.85913
-4.85892
-4.85799
-4.85821
-4.85684
-4.85533
-4.857
-4.85531
-4.85487
-4.8548
-4.85499
-4.85436
-4.85322
-4.85266
-4.85212
-4.8517
-4.85171
-4.85236
-4.85182
-4.85152
-4.85163
-4.85109
-4.85269
-4.85171
-4.85094
-4.8502
-4.84968
-4.84927
-4.84844
-4.84987
-4.84988
-4.84943
-4.8498
-4.84883
-4.84855
-4.84879
-4.84857
-4.84899
-4.8483
-4.84647
-4.84458
-4.84373
-4.84477
-4.84442
-4.84379
-4.84458
-4.84427
-4.84438
-4.84392
-4.84338
-4.84411
-4.8438
-4.84361
-4.84248
-4.84182
-4.84275
-4.84211
-4.84147
-4.84051
-4.83979
-4.83996
-4.84015
-4.84056
-4.8395
-4.8398
-4.8399
-4.84104
-4.84148
-4.84144
-4.84124
-4.8417
-4.84173
-4.84231
-4.84183
-4.84193
-4.84142
-4.84173
-4.84164
-4.84173
-4.84168
-4.84114
-4.8418
-4.841
-4.84043
-4.84066
-4.84117
-4.83971
-4.83788
-4.83707
-4.83816
-4.8395
-4.84044
-4.84078
-4.84066
-4.84003
-4.84095
-4.83927
-4.84045
-4.84259
-4.84387
-4.84313
-4.8433
-4.84552
-4.84663
-4.84754
-4.84809
-4.84723
-4.84885
-4.8486
-4.8487
-4.84855
-4.85013
-4.85167
-4.85203
-4.85372
-4.8524
-4.85135
-4.85035
-4.8502
-4.84949
-4.84891
