-5.04626
-5.01482
-5.2436
-5.14431
-5.11931
-5.05
-4.94154
-4.96373
-4.9759
-4.99741
-5.15989
-5.00121
-5.01589
-5.0622
-4.89977
-5.0563
-4.94538
-4.91585
-4.99013
-5.15964
-4.93763
-5.04211
-4.8812
-5.07495
-4.95828
-5.08109
-5.06673
-5.06851
-5.04193
-5.02569
-5.10747
-4.99708
-5.03442
-5.01668
-4.90343
-4.94902
-4.85461
-4.96768
-5.06575
-5.06555
-5.04317
-4.96162
-5.0025
-5.0094
-4.9457
-5.06361
-5.09279
-5.04125
-5.21535
-5.02312
-4.9226
-5.00195
-5.08712
-5.141
-5.04801
-4.94205
-4.99474
-4.97341
-4.91556
-4.98298
-5.03382
-5.10229
-5.09664
-5.19763
-5.22302
-4.9714
-5.12094
-4.96883
-4.96945
-4.99914
-4.9477
-4.90984
-5.08187
-5.01849
-5.0007
-5.10135
-5.20655
-4.84692
-5.02272
-4.88886
-4.88225
-5.00995
-5.02103
-5.01599
-4.98766
-5.16809
-5.18087
-4.99049
-5.24798
-4.91651
-4.97984
-5.07977
-5.0047
-5.11219
-4.97756
-5.03541
-5.03817
-5.01076
-5.05135
-4.99206
-5.00737
-4.96312
-5.04055
-5.08873
-4.95045
-4.85733
-5.15405
-5.00753
-5.01054
-4.95508
-4.91449
-5.23015
-4.92278
-4.94305
-5.12454
-5.18931
-4.90742
-5.01324
-4.8723
-5.06048
-4.99041
-4.99471
-5.23573
-4.94157
-5.04128
-4.8789
-5.15243
-4.94509
-5.02082
-5.06894
-5.0093
-4.95048
-4.9516
-5.0191
-4.91855
-5.05812
-5.05393
-5.09347
-5.13255
-5.03489
-5.11733
-5.11857
-4.87994
-5.01055
-5.0965
-5.13197
-5.02918
-5.12007
-4.9337
-5.11818
-4.98946
-5.10446
-4.88624
-4.90231
-4.8638
-4.99775
-4.86766
-4.94594
-5.08929
-4.97008
-4.94966
-5.0351
-5.08947
-4.8745
-5.08397
-4.91216
-4.80917
-4.8313
-4.86517
-5.05954
-4.8664
-4.97508
-4.85069
-4.98773
-4.90283
-4.9694
-4.93498
-4.86273
-4.9116
-4.65729
-4.86484
-4.82825
-4.95382
-4.89561
-4.95311
-4.91011
-4.96231
-4.92672
-4.93775
-4.91057
-4.92653
-4.95031
-5.0106
-4.74376
-5.02342
-4.85119
-4.90166
-4.94382
-4.81842
-4.90659
-4.82295
-4.89594
-4.93873
-4.92859
-4.8321
-4.85803
-4.84704
-4.84051
-4.92306
-4.90149
-4.87693
-4.8453
-4.93196
-4.86312
-4.8751
-4.90942
-4.84736
-4.80191
-4.82838
-4.93079
-4.93335
-4.93304
-4.92286
-4.83385
-4.8628
-4.9551
-4.85619
-4.84136
-4.84533
-4.89267
-4.85534
-4.80164
-4.87799
-4.82762
-4.7103
-4.88597
-4.85943
-4.82928
-4.92554
-4.78436
-4.89582
-4.82327
-4.81922
-4.94751
-4.80146
-4.95276
-4.89883
-4.81722
-4.80022
-4.89158
-4.74854
-4.84647
-4.73892
-4.80893
-4.86459
-4.92823
-4.88131
-4.82646
-4.9153
-4.85203
-4.95411
-4.96943
-4.79998
-4.80917
-4.73291
-4.90368
-4.74286
-4.89694
-4.89358
-4.8266
-4.77457
-4.81598
-4.98834
-4.8857
-4.87492
-4.86578
-4.77716
-4.72082
-4.84167
-4.98702
-4.98246
-4.87654
-4.83149
-4.86012
-4.92565
-4.89003
-4.9022
-4.99244
-4.75807
-4.87715
-4.98108
-4.83749
-4.81404
-4.79597
-4.88967
-4.81955
-4.8366
-4.96213
-4.822
-4.97334
-4.81605
-4.87117
-4.88808
-4.9386
-4.93644
-5.00327
-4.86916
-4.80706
-4.99425
-4.87739
-4.93025
-4.93644
-4.90499
-4.9315
-4.84728
-4.91234
-4.80757
-4.98038
-4.89766
-4.90036
-5.09698
-5.05144
-4.76366
-5.00969
-4.9595
-4.91006
-4.91799
-4.90601
-4.99914
-4.9973
-4.98763
-5.16303
-4.97106
-5.05387
-5.04566
-4.93313
-4.95272
-4.87097
-4.91475
-4.94749
-4.86369
-5.015
-5.02157
-5.03529
-4.86568
-4.82467
-4.98697
-4.9527
-4.96228
-4.89758
-4.91499
-4.88542
-4.85177
-5.03805
-4.92231
-4.87677
-4.72648
-4.99792
-4.95379
-4.95746
-4.94728
-5.01371
-4.98807
-5.05856
-4.93425
-5.13625
-5.00078
-5.06908
-5.00991
-4.92025
-4.88029
-4.90386
-4.84123
-4.9102
-5.0531
-4.87479
-4.88102
-5.02503
-4.74128
-5.07298
-4.97875
-5.06687
-4.96681
-4.85908
-5.08406
-4.94349
-4.99273
-5.11382
-5.01103
-4.83176
-4.92579
-4.87979
-4.97612
-5.00835
-4.88503
-4.95213
-4.91401
-5.00395
-4.90189
-5.14889
-4.88995
-5.00844
-4.87622
-4.97665
-4.89957
-4.88572
-4.8832
-4.94464
-5.00618
-4.92615
-5.10355
-5.02378
-4.87898
-4.91238
-4.89482
-4.99705
-4.99367
-5.05012
-5.06686
-4.8346
-5.02097
-5.06868
-5.08532
-5.02923
-4.89966
-4.99904
-5.06432
-5.02159
-4.82699
-4.96738
-4.81993
-4.96092
-5.01466
-5.03374
-5.04966
-5.08135
-5.07332
-5.08121
-4.95789
-4.93176
-4.9772
-4.90595
-4.89859
-5.05919
-4.89701
-5.14826
-5.17165
-5.01742
-4.96386
-4.86816
-5.05032
-5.11088
-4.95688
-4.97618
-4.95207
-4.90165
-5.14001
-5.0444
-5.09415
-4.95337
-4.83393
-4.88743
-4.8286
-4.89877
-4.8097
-4.98523
-4.95485
-4.87785
-4.88323
-4.98227
-4.95603
-4.90671
-4.97672
-5.07264
-4.94488
-5.05038
-4.95451
-4.95181
-4.84422
-4.91471
-4.98242
-4.99549
-5.07824
-4.8784
-4.97491
-4.94746
-4.92179
-4.99558
-4.91098
-4.97999
-4.88779
-4.89442
-5.09837
-4.93773
-5.09012
-4.97139
-4.948
-5.20105
-5.16864
-5.01006
-5.03619
-5.0324
-4.90548
-4.95495
-4.90843
-5.01948
-4.96873
-4.91663
-5.29955
-4.97299
-5.00857
-4.96433
-4.94968
-4.99072
-5.02223
-5.06605
-4.98286
-4.86103
-4.98112
-5.07162
-4.90832
-5.07024
-4.91116
-4.94074
-4.95556
-5.13285
-4.97897
-5.09478
-4.97054
-4.90881
-4.9444
-4.89772
-4.93919
-5.103
-5.10199
-5.09671
-4.9505
-5.11937
-4.97622
-4.91293
-4.98029
-4.91377
-5.00868
-5.04085
-4.87516
-4.92568
-5.03528
-4.99639
-5.05267
-4.98216
-4.97292
-5.08797
-4.97395
-4.8257
-5.01568
-5.00298
-4.95967
-4.93266
-4.92032
-4.84966
-5.01004
-4.95256
-4.92086
-4.86471
-4.90503
-4.83104
-4.87828
-4.93697
-4.96171
-4.95745
-4.78354
-4.90334
-4.84587
-4.86422
-4.85205
-4.93919
-4.81348
-4.9388
-4.9728
-4.92872
-5.00617
-4.88756
-4.91488
-4.89231
-5.06507
-4.96587
-5.0603
-4.99296
-4.98148
-4.87646
-4.97616
-4.93927
-4.79853
-4.98721
-4.99788
-5.01979
-5.03829
-4.99091
-4.93781
-5.03155
-4.91101
-4.918
-4.98355
-4.91079
-4.92547
-4.98026
-4.96301
-4.92699
-5.06612
-4.92594
-4.96894
-5.01517
-4.92907
-4.90302
-4.91387
-5.01092
-4.90343
-5.07311
-4.9302
-4.91506
-4.98397
-4.8665
-4.94345
-5.01739
-5.08242
-5.00857
-5.04567
-5.05334
-4.91783
-4.99699
-4.92525
-4.9661
-5.19164
-4.9144
-4.90198
-5.00312
-4.98008
-4.93885
-5.02756
-4.84558
-4.92014
-4.94213
-4.96758
-4.99399
-4.91625
-4.92067
-4.85685
-4.93862
-4.98428
-4.88618
-4.97317
-4.9231
-4.84917
-4.92006
-4.95778
-4.97505
-4.92997
-4.91564
-4.9027
-4.8903
-5.00704
-4.8691
-5.01356
-4.86845
-5.03711
-4.91025
-4.96965
-4.82019
-4.86124
-4.96726
-4.87877
-4.94821
-4.90769
-4.95354
-4.83301
-4.95544
-4.94923
-4.89348
-4.93143
-4.85651
-4.87256
-4.83011
-4.78039
-4.95537
-4.88363
-4.81086
-4.94298
-4.86747
-4.79701
-4.81712
-4.88634
-4.87979
-4.83929
-4.84048
-4.86641
-4.93313
-4.95154
-4.91671
-4.88212
-4.90071
-4.88974
-4.77385
-4.94736
-4.95254
-4.86824
-4.86529
-4.92624
-4.90881
-4.79196
-4.85586
-4.92626
-4.81242
-4.9178
-4.93478
-4.84394
-4.90195
-4.88809
-4.91218
-4.99923
-4.97202
-4.88859
-4.78517
-4.88222
-4.90706
-4.76514
-4.82966
-4.82765
-4.89342
-4.86714
-4.83943
-4.87961
-4.84218
-4.95093
-4.89795
-4.86873
-4.82798
-4.86941
-4.96634
-4.88955
-4.93869
-4.86084
-4.84255
-4.88885
-4.86091
-4.83204
-4.71516
-4.84128
-4.82416
-4.94788
-4.79932
-4.8029
-4.7502
-4.78575
-4.81332
-4.85479
-4.83051
-4.75727
-4.77985
-4.86204
-4.8957
-4.80065
-4.91158
-4.86759
-4.82731
-4.7819
-4.90403
-4.89895
-4.91834
-4.75796
-4.74074
-4.74184
-4.81589
-4.90098
-4.82678
-4.80572
-4.86906
-4.76501
-4.8518
-4.74789
-4.87449
-4.85122
-4.73764
-4.802
-4.81856
-4.73199
-4.97867
-4.77399
-4.82334
-4.79007
-4.83583
-4.82294
-4.7661
-4.78354
-4.78597
-4.82476
-4.93447
-5.0161
-4.86259
-4.85209
-4.91236
-4.83558
-4.93348
-4.84918
-4.87594
-4.79384
-4.81323
-4.88515
-4.82605
-4.93506
-4.85711
-4.8808
-4.84957
-4.82109
-4.90611
-4.86848
-4.88001
-4.92974
-4.84296
-4.81718
-4.78299
-4.80339
-4.88849
-4.84716
-4.84422
-4.84488
-4.79803
-4.83851
-4.84791
-4.81291
-4.9123
-4.84908
-4.82248
-4.83805
-4.83261
-4.96122
-4.76385
-4.80607
-4.86955
-4.81816
-4.95527
-4.88004
-4.88315
-4.78285
-4.89166
-4.84155
-4.82977
-4.88503
-4.82024
-4.92804
-4.84473
-4.80611
-4.80846
-4.73704
-4.82341
-4.80436
-4.86155
-4.74801
-4.78854
-4.85727
-4.84222
-4.86651
-4.83103
-4.81053
-4.85076
-4.83254
-4.75773
-4.71643
-4.8375
-4.86642
-4.87526
-4.83551
-4.84987
-4.88873
-4.76458
-4.89737
-4.70133
-4.88301
-5.06584
-4.87559
-4.80002
-4.86861
-4.95925
-4.91357
-4.90908
-4.78783
-4.89221
-4.93627
-4.79829
-4.79942
-4.8212
-4.98079
-4.92076
-4.81874
-4.95571
-4.69235
-4.82946
-4.91625
-4.84723
-4.78095
-4.85484
