1.06841
1.06246
1.14825
1.1803
1.19198
1.11589
1.10309
1.09673
1.08297
1.05432
1.01521
1.10742
1.04553
1.1334
1.0575
1.14914
0.995524
1.03006
1.09889
1.03885
1.1302
1.01172
1.04504
1.07473
1.01215
1.04077
1.0514
1.05061
1.07226
1.0267
1.0264
1.01292
1.02051
1.03225
1.0541
1.06527
1.01583
1.09213
1.03382
1.03763
1.0344
1.04136
1.03889
1.09052
1.0505
1.07064
1.03747
1.06893
1.09044
1.03591
1.07703
1.00747
1.07232
1.08762
1.01861
0.980441
1.02529
1.01532
1.04061
0.991666
1.13974
1.04528
1.01596
1.0495
1.02339
1.07315
1.07782
1.08327
1.06546
1.05295
1.0792
1.10152
1.03263
1.04929
1.03769
1.07652
1.0726
1.00662
1.05792
1.02963
1.0275
1.01979
1.04963
1.06603
1.054
1.04212
1.03415
1.02293
1.0652
0.99237
1.11453
1.12274
1.12695
1.09756
1.06358
1.07513
1.16185
0.992886
1.0054
1.1179
1.02605
1.0295
1.12777
1.03516
1.10087
1.09469
1.08373
1.10778
1.04302
1.0284
1.09224
1.06698
1.09265
1.04638
1.1053
1.06912
1.11648
1.0492
1.12443
1.02659
1.06892
1.05026
1.06319
1.05584
1.09703
1.03339
1.12956
1.02996
1.11327
1.04479
1.06156
1.03675
1.03594
0.999517
1.08055
1.03487
1.09597
0.978726
1.02284
1.06777
1.01801
1.07647
0.995276
1.05038
1.07166
1.0813
1.04705
1.11485
1.06959
1.01755
1.01774
1.08012
1.09168
0.981272
1.05695
1.05219
1.07689
1.01187
1.08588
1.03034
1.03158
1.04179
1.09425
1.00437
1.05467
1.1063
1.0637
1.02616
1.06352
1.05526
0.997787
1.02643
0.98821
1.00591
1.05354
1.06342
1.01101
1.05074
1.00925
1.04651
1.03296
1.02484
1.06058
1.07281
1.03274
1.02389
1.04133
1.06363
1.08073
1.01274
1.08753
1.08486
1.04696
1.0651
1.05507
0.997156
1.04714
1.07345
1.09348
1.11237
1.01856
1.06567
1.03093
1.09038
1.04813
1.04824
1.0319
1.08221
0.987991
1.10026
1.02534
1.08366
1.02994
1.10079
1.01568
1.05334
1.0484
1.06217
1.04491
1.06693
1.08837
1.08887
1.05304
1.07379
1.08696
1.05851
1.03398
1.0758
1.02356
1.02843
1.07112
1.002
1.08692
1.03633
0.998469
1.04559
1.08293
1.01298
1.09938
1.05047
1.0539
1.05428
1.05596
1.05955
1.03916
1.05897
1.04075
1.03504
1.10521
1.00802
1.04531
1.0046
1.04332
1.02868
1.04772
1.02298
1.06577
1.04067
1.07408
1.07799
1.08361
1.01722
1.0546
1.07306
1.07697
1.0674
1.1168
1.06785
1.08163
1.0926
1.05349
0.965322
1.07202
1.08061
1.05689
1.08684
1.09074
1.01062
0.964428
1.02118
1.04633
1.08831
1.00582
1.08273
1.04056
0.998107
1.06978
1.11541
1.12968
1.01939
1.07744
1.04702
1.09672
1.06854
1.04288
1.1211
1.04797
1.12253
1.09488
1.06385
1.0608
1.14245
1.07404
1.02653
1.11388
1.0039
1.11649
1.02159
1.09977
1.08112
1.13155
1.18503
1.05306
1.0397
1.03281
1.13548
1.1264
1.12059
1.09878
1.1101
1.03861
1.05637
1.06584
1.11936
1.10098
1.03527
1.07583
1.10461
1.01377
1.03822
1.06319
1.08975
1.07978
1.04511
1.06029
1.05083
1.14145
1.07178
1.11585
1.02019
1.06713
1.15566
1.14193
1.08888
1.0422
1.14245
1.06436
1.13801
1.04671
1.14059
1.15098
1.07363
1.09664
1.09632
1.06453
1.02485
1.10827
1.06916
1.04938
1.05951
1.15353
0.993726
1.03289
1.11949
1.03923
1.06028
1.05429
1.04457
1.04944
1.13754
1.13083
1.07015
1.15509
1.11244
1.09219
1.09205
1.08598
1.0768
1.1262
1.04883
1.10521
1.0786
1.09855
0.964956
1.09931
1.15229
1.05899
1.0589
1.09294
1.08267
1.08396
1.08854
1.00958
1.09099
1.0291
1.05072
1.11358
1.07808
1.01802
0.980232
1.07921
1.03513
1.04336
1.01314
1.05347
1.04405
1.01432
1.08747
1.11939
1.13119
0.989529
1.11826
1.24853
1.00442
1.02634
1.0001
1.11608
1.0278
0.996695
1.10297
1.06446
1.11236
1.0958
1.06383
1.16395
1.17735
1.15133
1.05873
1.10865
1.10316
1.02733
1.01687
1.07635
1.10544
1.11378
1.12095
1.137
1.16273
1.0141
1.00132
1.12992
1.19459
1.02236
1.12697
1.10082
1.0702
1.03921
1.04468
1.03181
1.17349
1.14576
1.11043
1.03496
1.11776
1.17258
1.10266
1.03498
1.1637
1.14708
1.15426
1.09563
1.11777
1.10548
1.24609
1.34011
1.05073
1.17862
1.21651
1.05819
1.14979
1.1085
1.10917
1.00545
1.03954
1.0326
1.06872
1.12702
1.09224
1.1307
1.05372
1.03525
0.995375
1.15348
1.1313
1.06558
1.21754
1.08328
1.19502
1.1954
0.997542
1.02774
1.0591
1.17381
1.25298
1.11482
1.16923
1.11103
1.1253
1.10362
1.19346
1.21146
1.09408
1.07026
1.08538
1.09444
1.14202
1.02496
1.04896
1.10967
1.10759
1.03475
1.09638
1.32752
1.01048
1.103
1.10003
1.15288
1.22437
1.08857
1.21446
1.11725
1.13872
1.03769
1.12989
1.12714
1.02059
1.13062
1.05855
1.22455
1.21907
1.14374
1.17355
1.01073
1.12767
1.04033
1.05596
1.06499
1.11833
1.17118
1.04847
1.21457
1.20533
1.15944
1.1323
1.08244
1.09731
1.04921
1.02366
1.13126
1.12527
1.09312
1.11326
1.07659
1.1773
1.06499
1.15291
1.09183
1.09379
0.990772
1.02271
1.07464
1.04474
1.01973
1.14516
1.05452
1.16814
1.11556
1.08508
1.12109
1.13884
1.14113
1.09753
1.23197
1.1651
1.09736
1.05804
1.14778
1.23382
1.08251
1.17857
1.09701
1.1797
1.01404
1.05764
1.08919
1.13243
1.05349
1.18196
1.0644
1.12702
1.08637
1.10142
1.07344
1.10263
0.99319
1.26039
1.06708
1.11563
1.1029
1.08254
1.13461
1.02368
1.10665
1.13345
1.09071
1.07405
1.1188
1.04311
1.08197
1.03521
1.05164
1.0468
1.03906
1.14028
1.07881
1.20949
1.01576
1.17037
1.08868
1.13094
1.01724
1.01855
1.05328
1.18307
0.999142
1.14505
1.20166
1.02238
1.1434
1.19527
1.05451
1.20886
1.12384
1.01835
1.17763
1.09493
1.01413
1.10744
1.08428
1.11169
1.02692
1.12629
1.096
1.11221
1.08469
1.26945
1.16309
1.0821
1.21647
1.19063
1.23952
1.0268
1.12361
1.0986
1.21428
1.17234
1.08674
1.26727
1.10663
1.14007
1.14397
1.26289
1.2184
1.12711
1.00369
1.10815
1.10362
1.13283
1.07283
1.17044
1.25673
1.19806
1.06546
1.06163
1.08364
1.08589
1.09789
1.06945
1.14885
1.13668
1.10211
1.09563
0.993733
1.14014
1.08482
1.08628
1.13519
1.09767
1.14317
1.09695
1.03257
1.21069
1.0142
1.06382
1.17374
1.15284
1.10486
1.13309
1.04257
1.0306
1.01262
1.0451
1.07135
1.06328
1.18312
1.00283
1.03319
1.08275
1.10424
1.15015
1.07786
1.21206
1.05546
1.05795
1.16751
1.05148
1.1139
1.04349
1.16262
1.12426
1.02775
1.04932
1.15649
1.06738
1.03443
1.19544
1.05628
0.982427
1.10275
1.10129
1.07462
1.00591
1.01917
1.027
1.02456
1.07206
1.03005
1.07631
1.04207
1.07488
0.997126
1.08063
1.04338
1.02772
1.09968
1.06013
0.972501
1.11792
0.977425
0.992806
1.03487
1.05647
1.01651
1.0764
1.06512
1.05775
1.0639
1.1371
1.05584
1.03379
1.00263
1.07138
1.08353
1.0568
1.01227
1.08017
1.02326
1.04055
1.02194
1.01936
1.09448
1.03577
1.0332
1.0293
0.987443
1.11631
1.02474
1.05005
1.05728
1.0008
1.01916
1.00572
1.00331
1.07063
1.03772
0.996924
1.02279
1.00443
1.03123
1.05935
1.10043
1.05144
1.01074
1.00079
1.04477
1.01618
1.03558
0.985386
1.04068
1.04969
1.05557
1.05289
1.05697
1.03274
1.00389
1.05195
1.04331
0.982173
1.00769
1.06406
1.02959
1.05751
1.08046
1.00218
1.00803
1.00908
1.07582
1.03394
1.01967
0.996322
1.01745
1.02023
1.03115
0.979281
0.989609
1.07342
1.05488
1.02632
0.968536
1.12569
1.04898
1.02518
1.04587
1.10514
1.03823
1.08886
0.998666
0.988531
1.01913
1.05598
0.988522
1.13223
1.08119
1.02707
1.05373
1.05821
1.0834
1.05634
1.04313
1.0822
1.14134
1.0545
1.09871
1.04088
1.09803
1.06524
1.06729
1.11557
1.04145
1.10887
1.08678
1.06881
1.13999
1.13796
1.15295
1.07606
1.07311
1.10592
1.15323
1.10615
1.07871
1.148
1.09883
1.02866
1.08115
1.10795
1.11897
1.15141
1.16025
1.19199
1.23981
1.07675
1.11445
1.0602
1.20319
1.09693
1.09527
1.0054
1.11676
1.05724
1.0976
1.09363
1.06841
1.09229
1.20574
1.06939
1.12634
1.04656
1.14571
1.09577
