1.05318
0.996058
0.988105
1.00963
0.991062
0.995705
1.00335
1.01369
0.98856
1.00027
0.993673
0.966619
1.02421
1.0057
1.00415
1.01735
1.00069
0.993735
0.99233
0.992559
1.01841
0.990495
0.996083
0.996896
1.00453
1.00377
1.00586
0.988864
0.997743
0.982163
1.00336
0.983345
0.98544
1.00883
0.972329
1.00248
1.00592
0.98895
1.01513
1.01919
0.979497
0.99612
0.983368
0.977043
0.984246
1.01974
1.01917
1.03516
0.975715
0.97535
1.01487
0.98691
1.02429
0.983377
0.992606
0.989644
1.0053
0.992653
0.985153
0.979532
0.996548
1.01586
0.978713
1.0002
0.974046
1.00351
0.992004
1.02087
1.00407
0.999001
0.99527
1.01223
0.9878
0.991742
1.0002
0.978248
0.991317
0.997711
0.998239
1.00257
1.03225
1.01658
0.989074
0.986612
0.991823
0.995706
1.01255
0.994938
1.03041
0.9869
1.0046
1.0043
1.00962
0.979329
1.03848
1.00099
1.01574
0.986737
0.979708
0.990754
0.988892
0.987036
0.991702
0.998068
1.01448
1.03231
0.991637
0.978588
0.987386
1.01411
0.971353
1.01643
0.954613
0.991501
0.993685
0.99966
1.03147
1.01624
1.01454
0.978015
1.01977
1.03935
0.989189
0.979573
1.01294
0.985709
0.994141
0.975576
1.01127
1.03254
0.997608
0.994807
0.995523
1.0045
1.01727
1.01303
0.984204
0.989321
0.987953
0.980339
0.985532
0.97393
1.00516
1.00353
1.01169
1.01791
0.983455
1.01924
0.989853
0.980249
0.987235
1.02492
0.982269
0.983809
1.00152
0.992157
0.988739
0.954726
0.96596
1.00668
0.972528
0.981116
0.981713
0.964953
0.996245
0.99376
0.987125
0.976504
0.993907
0.979142
0.975995
0.966008
0.953448
0.97775
0.98522
0.964423
0.968852
0.955316
0.94212
0.951708
0.986817
0.974028
1.00153
0.965663
0.97444
0.950942
0.971814
0.971899
0.983439
0.965836
0.981646
0.961359
0.992223
0.968252
0.977548
0.970002
0.974097
0.972045
0.969818
0.979247
0.976596
0.984854
0.966392
0.985671
0.965154
0.981819
0.964344
0.944337
0.970569
0.959028
0.99168
0.972651
0.954774
0.96756
0.969595
0.967593
0.963084
0.984113
0.980964
0.968076
0.993109
0.97399
0.957967
0.942555
0.960997
0.959243
0.96857
0.96673
0.948325
0.948082
0.951234
0.960293
0.978423
0.976996
0.961444
0.958714
0.953122
0.980591
0.94223
0.966118
0.989243
0.951261
0.984223
0.96971
0.970172
0.960215
0.958367
0.970636
0.963775
0.961736
0.966656
0.944826
0.942767
0.972724
0.971187
0.963762
1.00306
0.976685
0.944896
0.963718
0.950445
0.97403
0.973998
0.955002
0.940981
0.971349
0.957366
0.949077
0.940553
0.960605
0.959835
0.961766
0.975131
0.966844
0.980331
0.957755
0.958667
0.978073
0.958052
0.9433
0.972638
0.99853
0.976002
0.952992
0.966976
0.980569
0.959856
0.96561
0.953881
0.973719
0.977308
0.940224
0.956345
0.960578
1.00375
0.960066
0.988018
0.974887
0.971865
0.950605
0.983355
0.99146
0.982725
0.972399
0.994755
0.978362
0.981211
0.96607
0.975541
0.962484
0.969733
0.973954
0.945876
0.961778
0.977268
0.966515
1.01521
0.960446
0.961735
0.980209
0.976051
0.970403
0.968158
0.953909
0.990182
1.00089
0.973572
0.96553
0.999975
0.963945
0.956213
0.978695
0.985271
0.983137
0.978783
0.963391
1.00181
0.962035
0.999417
0.977991
0.946366
0.991853
0.988849
1.01429
0.982241
0.978464
1.00453
0.993558
0.961395
0.978741
0.988159
0.971234
0.982897
0.971344
0.967427
0.977157
0.998223
0.982932
0.976282
0.962532
1.00154
0.983185
0.970709
1.00277
0.974918
0.946782
0.969044
0.971277
0.994313
0.983082
0.977072
0.993654
0.972319
0.965552
0.966847
0.980136
0.994526
1.01015
0.986863
0.990475
0.977758
0.9689
0.991971
0.97222
0.999244
0.957342
1.00261
0.988958
1.00011
0.974686
0.990055
0.961305
0.957264
1.00431
1.01483
0.954569
0.985617
0.979259
0.970567
0.999369
1.00957
0.996499
0.995724
0.994101
0.98872
0.958932
0.989362
1.0102
0.984282
0.985786
0.99402
1.01417
1.00838
0.971091
0.97753
1.0031
1.0157
0.98439
0.982051
0.989519
0.979711
1.00083
0.988898
0.995647
0.978262
0.983269
0.982002
0.963173
1.00969
1.00549
1.00539
0.979132
0.987723
0.985116
0.995398
0.971635
0.968546
0.988235
0.954756
0.968289
0.988058
1.0058
0.984845
0.963554
1.01135
0.987809
0.994711
0.964058
0.976059
0.971726
0.99546
0.981089
0.99307
0.978365
0.991962
0.983993
0.998596
0.980777
0.992303
0.965401
0.984562
0.978581
1.00681
0.984949
1.00436
0.968395
0.991616
0.980529
0.975019
0.980271
0.943823
1.00313
0.990473
0.987058
0.98803
0.974954
0.976967
0.979613
0.965606
0.972648
0.984632
0.972717
0.966826
0.989569
0.976397
0.996865
0.966419
0.994802
0.965255
1.00194
0.97928
0.988573
0.994427
0.98761
0.990469
0.975591
0.977679
0.996743
0.988397
0.975059
0.982805
0.993114
0.98632
0.964891
0.976493
0.979134
0.995502
0.981861
0.980091
0.998247
0.979119
0.982605
1.0221
0.988143
0.989396
0.964125
0.97375
1.00881
1.00597
1.01918
1.00925
0.984413
0.992456
1.0106
0.992312
0.995107
1.00079
1.00002
0.97653
0.989396
0.984022
1.00029
0.979893
0.983761
0.992477
0.99117
0.990188
0.978354
0.963633
0.980286
0.967572
1.00262
0.952594
0.964422
0.976997
0.970251
0.977046
1.01191
0.992527
0.992478
0.987845
0.967226
0.991348
0.990538
0.972174
0.997819
0.97239
1.02078
0.99168
0.98047
0.978154
0.975623
0.998555
0.96309
0.971908
0.977742
0.973908
0.977852
0.977767
0.977529
0.957556
0.963656
0.987459
0.990419
0.96301
0.98208
0.983375
0.989095
0.983257
0.981892
0.98892
0.977973
0.982514
0.977796
0.978456
0.974654
0.992146
0.986772
0.985493
0.982821
0.9699
0.970543
0.99275
0.985215
0.972581
0.978941
0.965116
0.996996
0.972363
0.97955
0.975872
0.985452
0.976009
0.970403
0.979646
0.968584
0.973857
0.97794
0.981222
0.987953
0.990138
0.978368
0.975578
0.979562
0.992683
0.982752
0.973571
0.992801
0.985383
0.972854
0.980476
1.0031
0.989732
0.957814
1.00746
1.00053
0.984993
0.986069
0.990126
0.98818
0.963099
0.979137
0.992856
0.991244
0.983541
1.01015
0.987684
0.982375
1.00357
0.982307
0.98664
0.982711
0.995533
0.99636
0.957928
0.996159
0.985249
0.988494
0.985084
0.974625
0.984873
0.96419
0.972451
0.990782
0.976635
0.987422
1.01343
0.985926
0.981891
0.965085
0.979231
0.975971
0.974486
0.970982
0.975724
0.950658
0.957194
0.970106
0.987274
0.969883
0.971333
0.970716
0.969982
0.992016
0.977345
0.965919
0.977712
0.963671
0.983038
0.974631
0.973665
0.970797
0.970245
0.96985
0.965522
0.949047
0.969451
0.966991
0.973598
0.946213
0.971785
0.979526
0.96305
0.962016
0.956789
0.973819
0.963433
0.959346
0.969534
0.968366
0.977099
0.97008
0.972822
0.967362
0.963595
0.981102
0.968802
0.968257
0.963695
0.971272
0.975097
0.937363
0.983058
0.961079
0.953988
0.96901
0.977967
0.965768
0.950324
0.966751
0.976514
0.958991
0.960548
0.960673
0.962694
0.963245
0.981649
0.981143
0.968961
0.963667
0.975049
0.97437
0.969459
0.971106
0.9708
0.963697
0.980769
0.972819
0.970476
0.971603
0.982729
0.961964
0.956586
0.956479
0.969605
0.979112
0.969182
0.97892
0.972565
0.958412
0.975263
0.959172
0.980862
0.948598
0.983092
0.957691
0.963231
0.94951
0.969993
0.965788
0.956765
0.96412
0.965053
0.963975
0.971427
0.953627
0.963859
0.965326
0.961306
0.958962
0.972628
0.95856
0.971169
0.955645
0.941858
0.958461
0.944615
0.955562
0.955346
0.961481
0.952596
0.942724
0.958785
0.970634
0.979146
0.941399
0.961922
0.937133
0.939706
0.970335
0.969834
0.957241
0.968592
0.950555
0.961915
0.944199
0.968398
0.938816
0.970316
0.960512
0.967999
0.973386
0.942836
0.947972
0.972461
0.961164
0.952853
0.958395
0.958259
0.984578
0.961287
0.9592
0.951006
0.949135
0.971657
0.949871
0.971491
0.967069
0.958195
0.967729
0.953311
0.969568
0.965975
0.968661
0.964775
0.951948
0.969088
0.952417
0.958726
0.986938
0.953674
0.962577
0.984241
0.968113
0.96368
0.953667
0.931456
0.966792
0.946975
0.95935
0.969922
0.95704
0.969625
0.952476
0.952716
0.968838
0.975471
0.969531
0.96255
0.987986
0.951157
0.953203
0.960573
0.950289
0.945783
0.934507
0.958886
0.958111
0.947509
0.955765
0.95956
0.944236
0.956991
0.962158
0.956077
0.973332
0.938116
0.949953
0.944149
0.94151
0.978846
0.963257
0.98315
0.957336
0.944023
0.953892
0.952439
0.963423
0.954997
0.965654
0.974755
0.954794
0.963806
0.975955
0.945502
0.942518
0.942342
0.923904
0.915306
0.963967
0.935557
0.952159
0.938981
0.951269
0.956066
0.961611
0.947025
0.981351
0.99675
0.932212
