-1.44425
-1.4307
-1.43897
-1.45661
-1.45457
-1.46204
-1.47222
-1.47146
-1.46795
-1.4666
-1.46874
-1.46992
-1.47488
-1.48245
-1.48794
-1.49028
-1.49459
-1.49837
-1.50317
-1.50532
-1.50746
-1.5102
-1.51389
-1.5162
-1.51741
-1.52097
-1.52404
-1.52522
-1.52707
-1.52866
-1.5311
-1.53358
-1.53546
-1.53712
-1.53875
-1.54147
-1.54394
-1.54563
-1.5483
-1.5499
-1.55129
-1.55333
-1.55501
-1.55696
-1.55838
-1.55939
-1.56074
-1.56213
-1.56363
-1.56518
-1.56686
-1.56892
-1.57006
-1.57158
-1.5731
-1.57366
-1.57441
-1.57551
-1.57651
-1.5775
-1.57854
-1.57968
-1.58092
-1.58214
-1.58311
-1.58401
-1.58493
-1.58568
-1.58646
-1.58726
-1.58809
-1.58911
-1.59017
-1.59065
-1.59152
-1.59242
-1.59368
-1.59438
-1.59506
-1.59566
-1.59607
-1.59669
-1.59706
-1.59765
-1.59833
-1.59893
-1.59948
-1.60006
-1.60048
-1.60106
-1.60152
-1.6021
-1.60272
-1.60331
-1.60406
-1.60451
-1.6049
-1.60503
-1.60535
-1.60605
-1.60801
-1.61018
-1.61223
-1.6136
-1.61558
-1.61712
-1.61839
-1.62023
-1.62228
-1.62426
-1.62605
-1.6278
-1.62904
-1.62951
-1.63054
-1.63178
-1.6326
-1.63347
-1.63431
-1.63552
-1.63641
-1.63706
-1.63771
-1.63849
-1.63949
-1.63974
-1.6402
-1.64111
-1.64168
-1.64243
-1.64318
-1.64338
-1.64405
-1.64465
-1.64516
-1.64542
-1.64565
-1.64589
-1.64572
-1.64617
-1.6465
-1.64667
-1.64684
-1.64704
-1.64756
-1.64793
-1.64825
-1.64857
-1.64894
-1.64882
-1.64891
-1.64863
-1.64872
-1.64877
-1.64863
-1.64899
-1.64962
-1.64983
-1.65015
-1.65015
-1.6503
-1.65035
-1.65003
-1.65004
-1.65022
-1.65028
-1.65032
-1.65041
-1.65048
-1.65041
-1.65036
-1.65034
-1.65001
-1.65025
-1.65009
-1.64993
-1.6495
-1.64964
-1.64958
-1.64968
-1.64988
-1.64989
-1.65021
-1.65021
-1.64992
-1.64977
-1.64969
-1.64962
-1.64998
-1.64989
-1.64999
-1.64985
-1.65005
-1.64994
-1.64963
-1.64973
-1.64985
-1.65024
-1.65033
-1.65012
-1.65006
-1.6502
-1.65012
-1.65012
-1.65011
-1.65016
-1.65011
-1.64988
-1.65007
-1.65004
-1.64973
-1.64966
-1.64957
-1.64966
-1.64944
-1.6494
-1.64938
-1.6492
-1.64871
-1.64848
-1.64878
-1.64887
-1.64885
-1.64901
-1.64892
-1.64891
-1.64869
-1.64868
-1.64882
-1.6486
-1.64834
-1.64852
-1.64849
-1.64848
-1.64854
-1.64846
-1.6483
-1.64858
-1.64862
-1.64862
-1.64877
-1.64876
-1.64888
-1.64876
-1.64859
-1.64865
-1.64871
-1.64866
-1.64826
-1.64847
-1.64839
-1.64839
-1.64854
-1.64834
-1.64836
-1.64842
-1.64814
-1.64811
-1.64778
-1.64801
-1.64782
-1.64773
-1.648
-1.64787
-1.64781
-1.64781
-1.64784
-1.64804
-1.64804
-1.64806
-1.64815
-1.64814
-1.64839
-1.64828
-1.64834
-1.64842
-1.64853
-1.64845
-1.64846
-1.64853
-1.64859
-1.64854
-1.64833
-1.64833
-1.64851
-1.6486
-1.6488
-1.64872
-1.64839
-1.64849
-1.64837
-1.64845
-1.64815
-1.6482
-1.64827
-1.64825
-1.64822
-1.64812
-1.64814
-1.64806
-1.64826
-1.64822
-1.64822
-1.64821
-1.64808
-1.648
-1.648
-1.64812
-1.64804
-1.64803
-1.64816
-1.64817
-1.6481
-1.64852
-1.64847
-1.64867
-1.64869
-1.64902
-1.64927
-1.64929
-1.64925
-1.64926
-1.64928
-1.6491
-1.64933
-1.64965
-1.64996
-1.65012
-1.65031
-1.65049
-1.65049
-1.65058
-1.65058
-1.65083
-1.65089
-1.6509
-1.65103
-1.65097
-1.6511
-1.65106
-1.65095
-1.65111
-1.6509
-1.65098
-1.65081
-1.65082
-1.65076
-1.65105
-1.65116
-1.65122
-1.65118
-1.65129
-1.65143
-1.65156
-1.65175
-1.65189
-1.65168
-1.65181
-1.65218
-1.65219
-1.65228
-1.65262
-1.65255
-1.65269
-1.65272
-1.65273
-1.65281
-1.65287
-1.65302
-1.65303
-1.65298
-1.65302
-1.653
-1.6531
-1.65316
-1.6531
-1.6532
-1.65318
-1.65328
-1.65337
-1.65341
-1.65355
-1.65378
-1.65389
-1.65401
-1.65413
-1.6539
-1.65411
-1.65436
-1.65442
-1.65474
-1.65489
-1.65505
-1.65519
-1.65534
-1.65547
-1.65556
-1.65575
-1.65578
-1.65594
-1.65597
-1.65617
-1.65624
-1.65645
-1.65683
-1.65696
-1.65712
-1.65729
-1.65736
-1.6575
-1.65769
-1.65789
-1.65797
-1.65781
-1.65803
-1.658
-1.65806
-1.65811
-1.65822
-1.65841
-1.65842
-1.65859
-1.65879
-1.659
-1.659
-1.65894
-1.65897
-1.65905
-1.65897
-1.65915
-1.6593
-1.65945
-1.65947
-1.65937
-1.65955
-1.65965
-1.65975
-1.65992
-1.66008
-1.66026
-1.66045
-1.66031
-1.66062
-1.66068
-1.66104
-1.66111
-1.66121
-1.66107
-1.66121
-1.66126
-1.66158
-1.66169
-1.66169
-1.66184
-1.66199
-1.662
-1.66236
-1.66236
-1.6623
-1.6624
-1.66265
-1.66261
-1.6629
-1.66289
-1.66302
-1.66316
-1.6633
-1.66323
-1.66329
-1.66362
-1.66371
-1.66388
-1.66405
-1.66423
-1.66438
-1.66466
-1.66468
-1.66481
-1.66497
-1.66505
-1.66504
-1.66513
-1.66522
-1.66538
-1.6655
-1.6656
-1.66599
-1.66607
-1.66609
-1.66619
-1.66608
-1.66614
-1.66611
-1.66612
-1.66607
-1.66616
-1.66625
-1.66623
-1.66648
-1.66658
-1.66669
-1.66667
-1.66682
-1.66674
-1.66673
-1.66668
-1.66663
-1.66689
-1.66689
-1.66694
-1.66684
-1.66682
-1.66696
-1.66712
-1.6672
-1.66729
-1.66753
-1.66746
-1.66758
-1.66756
-1.66748
-1.6676
-1.66752
-1.66746
-1.66753
-1.66768
-1.66778
-1.66776
-1.66781
-1.66772
-1.66763
-1.66762
-1.66776
-1.66775
-1.66759
-1.66759
-1.66761
-1.66756
-1.66762
-1.66754
-1.66757
-1.66768
-1.66771
-1.66778
-1.66778
-1.66785
-1.66794
-1.66797
-1.66804
-1.66807
-1.668
-1.66814
-1.66815
-1.66824
-1.6681
-1.66815
-1.6682
-1.66816
-1.66815
-1.66816
-1.66803
-1.66798
-1.66788
-1.66795
-1.6679
-1.66789
-1.66775
-1.66783
-1.66786
-1.66781
-1.66792
-1.66787
-1.66782
-1.66785
-1.6678
-1.6677
-1.66772
-1.66771
-1.66777
-1.66773
-1.66773
-1.66769
-1.66763
-1.66756
-1.66745
-1.66754
-1.66751
-1.6676
-1.66764
-1.66765
-1.66772
-1.66777
-1.66782
-1.66778
-1.66799
-1.6679
-1.66797
-1.66808
-1.66814
-1.66816
-1.66815
-1.66832
-1.66823
-1.66844
-1.66841
-1.66853
-1.66865
-1.66854
-1.66855
-1.66853
-1.66855
-1.6685
-1.66848
-1.66837
-1.66832
-1.66841
-1.66831
-1.66836
-1.66831
-1.66836
-1.66848
-1.66841
-1.66839
-1.66856
-1.66862
-1.66853
-1.66855
-1.66853
-1.66861
-1.66879
-1.66902
-1.66899
-1.66897
-1.66899
-1.66903
-1.66905
-1.669
-1.66899
-1.66886
-1.66895
-1.669
-1.66909
-1.66907
-1.66906
-1.66893
-1.66899
-1.66892
-1.66879
-1.66878
-1.66874
-1.66871
-1.66854
-1.66862
-1.66847
-1.66842
-1.66851
-1.66848
-1.6684
-1.66849
-1.66842
-1.66852
-1.66843
-1.66837
-1.66837
-1.66834
-1.66845
-1.66858
-1.66857
-1.66855
-1.66852
-1.66857
-1.66855
-1.66857
-1.66858
-1.66861
-1.66861
-1.66863
-1.66859
-1.66845
-1.66844
-1.66845
-1.66845
-1.66867
-1.6686
-1.66867
-1.66863
-1.66853
-1.66844
-1.66842
-1.66848
-1.66851
-1.66845
-1.66836
-1.66842
-1.66828
-1.66826
-1.66828
-1.66833
-1.66808
-1.66808
-1.66812
-1.66794
-1.66785
-1.66775
-1.6678
-1.66789
-1.66774
-1.66763
-1.66774
-1.66776
-1.6678
-1.66786
-1.66788
-1.66783
-1.66785
-1.66774
-1.66777
-1.66773
-1.66777
-1.66777
-1.66768
-1.66766
-1.66759
-1.66747
-1.66744
-1.66741
-1.66742
-1.66739
-1.66731
-1.66723
-1.66707
-1.66688
-1.66685
-1.66684
-1.66691
-1.66695
-1.66705
-1.66701
-1.66723
-1.66708
-1.66695
-1.66687
-1.66691
-1.66695
-1.66702
-1.66703
-1.66712
-1.66716
-1.6672
-1.6672
-1.66707
-1.66719
-1.66713
-1.66713
-1.66718
-1.66712
-1.6671
-1.66716
-1.66705
-1.667
-1.66686
-1.66702
-1.66711
-1.66712
-1.66704
-1.66697
-1.66682
-1.66682
-1.66671
-1.66662
-1.6665
-1.66644
-1.66639
-1.66635
-1.66626
-1.66633
-1.66622
-1.66626
-1.66621
-1.66623
-1.66614
-1.66612
-1.66592
-1.66604
-1.66599
-1.66599
-1.66617
-1.66619
-1.66615
-1.66601
-1.66581
-1.66569
-1.66579
-1.66563
-1.66556
-1.66551
-1.66533
-1.6651
-1.665
-1.66486
-1.66473
-1.66471
-1.6648
-1.66461
-1.66456
-1.66439
-1.66433
-1.66437
-1.66431
-1.66427
-1.66416
-1.66414
-1.66405
-1.66396
-1.66385
-1.66375
-1.66375
-1.66369
-1.66344
-1.66328
-1.66321
-1.66336
-1.66321
-1.66299
-1.66288
-1.66281
-1.66259
-1.66253
-1.66245
-1.66238
-1.66228
-1.66245
-1.66229
-1.66226
-1.66214
-1.66213
-1.66197
-1.66196
-1.6617
-1.66177
-1.66178
-1.66169
-1.66159
-1.66143
-1.66124
-1.66098
-1.66077
-1.66068
-1.66057
-1.6605
-1.66064
-1.66045
-1.6603
-1.66024
-1.6602
-1.66003
-1.66003
-1.65999
-1.65995
-1.65997
-1.65994
-1.65975
-1.65955
-1.65935
-1.65935
-1.65918
-1.65912
-1.65894
-1.65901
-1.65897
-1.65892
-1.65886
-1.6588
-1.65874
-1.65881
-1.65868
-1.65848
-1.65826
-1.65818
-1.65793
-1.65795
-1.65787
-1.65774
-1.6577
-1.65765
-1.65736
-1.65723
-1.65718
-1.65732
-1.65725
-1.65728
-1.65733
-1.65735
-1.65729
-1.65724
-1.6572
-1.6573
-1.65724
-1.65732
-1.65722
-1.65702
-1.65698
-1.65674
-1.65669
-1.65653
-1.65654
-1.65641
-1.65634
-1.65615
-1.65625
-1.65635
-1.65613
-1.65613
-1.65615
-1.65617
-1.6561
-1.65602
-1.65622
-1.65643
-1.65651
-1.65669
-1.65646
-1.6566
-1.65685
-1.65685
-1.65683
-1.65688
-1.65686
-1.65675
-1.65663
-1.65673
-1.65674
-1.65675
-1.6568
-1.65668
-1.65669
-1.65685
-1.65696
-1.657
-1.6568
-1.6567
-1.65674
-1.65675
-1.65684
-1.65698
-1.65707
-1.65718
-1.65737
-1.65744
-1.65743
-1.6573
-1.65735
-1.65733
-1.65731
-1.65735
-1.65736
-1.65737
-1.65722
-1.65717
-1.65715
-1.65723
-1.6573
-1.65725
-1.65739
-1.65754
-1.65758
-1.65757
-1.65758
-1.65762
-1.65774
-1.65784
-1.6579
-1.65787
-1.65774
-1.6577
-1.6577
-1.65786
-1.65809
-1.65817
-1.65839
-1.65836
-1.65846
-1.65859
-1.65854
-1.65854
-1.65891
-1.65882
-1.65878
-1.65875
-1.65886
-1.65896
-1.65895
-1.65886
-1.65895
-1.65893
-1.65906
-1.65912
-1.65928
-1.65939
-1.65941
-1.6596
-1.65975
-1.65985
-1.66005
-1.66009
-1.65999
-1.66012
-1.66017
-1.66031
-1.66028
-1.66016
-1.66032
-1.66046
-1.66048
-1.66065
-1.66083
-1.66075
-1.66056
-1.66068
-1.66062
-1.66054
-1.6607
-1.66088
-1.66077
-1.66075
-1.66079
-1.66086
-1.66094
-1.66123
-1.66127
-1.66121
-1.66116
-1.66125
-1.66115
-1.66135
-1.66134
-1.66126
-1.66132
-1.66147
-1.66167
-1.66168
-1.66157
-1.66139
-1.66151
-1.66154
-1.66162
-1.66162
-1.66159
-1.66158
-1.66162
-1.6617
-1.66185
-1.66185
-1.66205
-1.6621
-1.66218
-1.66222
-1.66239
-1.66251
-1.6626
-1.66268
-1.66273
-1.66293
-1.663
-1.6629
-1.66308
-1.66326
-1.66348
-1.66351
-1.66349
-1.66348
-1.66338
-1.66337
-1.66353
-1.66356
-1.66362
-1.66375
-1.66372
-1.66378
-1.66379
-1.66398
-1.66408
-1.66413
-1.6641
-1.66424
-1.66409
-1.66419
-1.66429
-1.66424
-1.66433
-1.66429
-1.66427
-1.66438
-1.66447
-1.66455
-1.66454
-1.66444
-1.66445
-1.66441
-1.66458
-1.66461
-1.66462
-1.66483
-1.66475
-1.66483
-1.6649
-1.66506
-1.66513
-1.66518
-1.66512
-1.66519
-1.66519
-1.66514
-1.66518
-1.66509
-1.66504
-1.66515
-1.66517
-1.66496
-1.66508
-1.66512
-1.6651
-1.66492
-1.66506
-1.66515
-1.66524
-1.66522
-1.66528
-1.6653
-1.66539
-1.66556
-1.66562
-1.6657
-1.66582
-1.6658
-1.66577
-1.66573
-1.66554
-1.66545
-1.66554
-1.66567
-1.66595
-1.66621
-1.66603
-1.66601
-1.6661
-1.66617
-1.66615
-1.66613
-1.66619
-1.66619
-1.6661
-1.6662
-1.66616
-1.66615
-1.66618
-1.6661
-1.66613
-1.6662
-1.66624
-1.6662
-1.66615
-1.66617
-1.66622
-1.66625
-1.66629
-1.66631
-1.66609
-1.66606
-1.66616
-1.66627
-1.66641
-1.66661
-1.66658
-1.6666
-1.66663
-1.66664
-1.66658
-1.66668
-1.6667
-1.66665
-1.66664
-1.66659
-1.66664
-1.66661
-1.66668
-1.66671
-1.66672
-1.66676
-1.66661
-1.66667
-1.66682
-1.66672
-1.66674
-1.6668
-1.66681
-1.66681
-1.66676
-1.66684
-1.66678
-1.66698
-1.66683
-1.66663
-1.66668
-1.66674
-1.66685
-1.66684
-1.66688
-1.66688
-1.66683
-1.66692
-1.66689
-1.66689
-1.66688
-1.66674
-1.66674
-1.66676
-1.66693
-1.667
-1.66713
-1.66716
-1.66715
-1.66722
-1.66726
-1.66731
-1.66738
-1.66736
-1.66734
-1.66722
-1.66728
-1.66725
-1.66726
-1.66713
-1.66703
-1.66703
-1.66708
-1.66722
-1.66725
-1.66727
-1.66722
-1.66742
-1.66723
-1.66717
-1.66722
-1.66726
-1.66727
-1.66724
-1.66723
-1.66725
-1.66734
-1.66741
-1.66747
-1.66753
-1.66747
-1.66739
-1.6674
-1.66739
-1.66742
-1.66728
-1.66727
-1.66735
-1.66734
-1.66744
-1.66741
-1.66745
-1.66735
-1.66733
-1.66747
-1.66756
-1.66761
-1.66752
-1.66749
-1.66737
-1.66743
-1.66749
-1.66763
-1.66756
-1.66785
-1.66787
-1.66784
-1.66794
-1.66799
-1.66809
-1.66808
-1.66809
-1.66807
-1.66796
-1.66793
-1.66791
-1.668
-1.66811
-1.66797
-1.66807
-1.66808
-1.66805
-1.66809
-1.66807
-1.66821
-1.66819
-1.66817
-1.66801
-1.66817
-1.66835
-1.66839
-1.66841
-1.66841
-1.66837
-1.66837
-1.66833
-1.66846
-1.66841
-1.66852
-1.66855
-1.66856
-1.66867
-1.66875
-1.66877
-1.66862
-1.6686
-1.66852
-1.66854
-1.66852
-1.66859
-1.66863
-1.66866
-1.66867
-1.66869
-1.66867
-1.66867
-1.66864
-1.66852
-1.66856
-1.66876
-1.6688
-1.66886
-1.66889
-1.66882
-1.66888
-1.66886
-1.66884
-1.66877
-1.66887
-1.66898
-1.66903
-1.66902
-1.66895
-1.66895
-1.66905
-1.66909
-1.66908
-1.66902
-1.66894
-1.66886
-1.66894
-1.66911
-1.66907
-1.66915
-1.66927
-1.66929
-1.66932
-1.6692
-1.66926
-1.66913
-1.66916
-1.66912
-1.66911
-1.66894
-1.66889
-1.66888
-1.66875
-1.66882
-1.66887
-1.66892
-1.66893
-1.66886
-1.66877
-1.6689
-1.66869
-1.66873
-1.66874
-1.66873
-1.66872
-1.66862
-1.66871
-1.66872
-1.66868
-1.66875
-1.66883
-1.66876
-1.66872
-1.66869
-1.66882
-1.66872
-1.66874
-1.66882
-1.66875
-1.66878
-1.66872
-1.66863
-1.66873
-1.66874
-1.66875
-1.66874
-1.66878
-1.66878
-1.66878
-1.66871
-1.6687
-1.66881
-1.66879
-1.66879
-1.66873
-1.66872
-1.66867
-1.66873
-1.66873
-1.66876
-1.66883
-1.66885
-1.66886
-1.66878
-1.66877
-1.66864
-1.66848
-1.6684
-1.66837
-1.66845
-1.66845
-1.66849
-1.6685
-1.66859
-1.66856
-1.66844
-1.66846
-1.66842
-1.6683
-1.66824
-1.66828
-1.66843
-1.66839
-1.66845
-1.66839
-1.66834
-1.66847
-1.66849
-1.66858
-1.66856
-1.66848
-1.66851
-1.6685
-1.66854
-1.66855
-1.66861
-1.66863
-1.6685
-1.6686
-1.66858
-1.66846
-1.66849
-1.66856
-1.66851
-1.6685
-1.66848
-1.66843
-1.66843
-1.66842
-1.66857
-1.66856
-1.66846
-1.66852
-1.66852
-1.66851
-1.66853
-1.66868
-1.66869
-1.66868
-1.66856
-1.6685
-1.66847
-1.66838
-1.66841
-1.66836
-1.66832
-1.66824
-1.66818
-1.66834
-1.66841
-1.66826
-1.66829
-1.66831
-1.66827
-1.66827
-1.66837
-1.66839
-1.66838
-1.66843
-1.66846
-1.66842
-1.6685
-1.66846
-1.66844
-1.6685
-1.66841
-1.66843
-1.66852
-1.66858
-1.66864
-1.66851
-1.66847
-1.66841
-1.66841
-1.66854
-1.66851
-1.66858
-1.66857
-1.66862
-1.66858
-1.66864
-1.66869
-1.6687
-1.66869
-1.66875
-1.66875
-1.66884
-1.66888
-1.66888
-1.66889
-1.66892
-1.66894
-1.66905
-1.669
-1.66896
-1.66895
-1.66904
-1.66904
-1.66915
-1.66922
-1.66929
-1.66917
-1.66915
-1.66898
-1.66902
-1.66897
-1.66892
-1.66887
-1.66889
-1.66895
-1.66896
-1.66891
-1.66884
-1.66881
-1.66873
-1.66875
-1.66871
-1.66881
-1.66875
-1.66881
-1.66874
-1.66876
-1.66868
-1.66886
-1.66883
-1.66892
-1.66893
-1.669
-1.66912
-1.66915
-1.66919
-1.66913
-1.66923
-1.66922
-1.66918
-1.66914
-1.66903
-1.66908
-1.6691
-1.66909
-1.66914
-1.66907
-1.6691
-1.66897
-1.66899
-1.66913
-1.66915
-1.66914
-1.66905
-1.66896
-1.66905
-1.66905
-1.66905
-1.66903
-1.66902
-1.669
-1.66897
-1.66898
-1.66901
-1.66895
-1.66896
-1.66899
-1.66903
-1.66906
-1.66906
-1.66908
-1.66905
-1.66893
-1.66887
-1.66888
-1.66899
-1.66893
-1.66898
-1.66899
-1.66894
-1.66902
-1.669
-1.66897
-1.66884
-1.66883
-1.66884
-1.66886
-1.66885
-1.66893
-1.66891
-1.66894
-1.66894
-1.66895
-1.66886
-1.66889
-1.66893
-1.66878
-1.66876
-1.66882
-1.66879
-1.66881
-1.6687
-1.66863
-1.66864
-1.66868
-1.66855
-1.66858
-1.66857
-1.66869
-1.66866
-1.66859
-1.66851
-1.66855
-1.6685
-1.6684
-1.6684
-1.6684
-1.66845
-1.6685
-1.66854
-1.66853
-1.66854
-1.66847
-1.66845
-1.66838
-1.66846
-1.66846
-1.66849
-1.66845
-1.66855
-1.66851
-1.66848
-1.66849
-1.66839
-1.66842
-1.66847
-1.6685
-1.66843
-1.66844
-1.66846
-1.66843
-1.66842
-1.66842
-1.66829
-1.66841
-1.66839
-1.6684
-1.6685
-1.66852
-1.66843
-1.66837
-1.66843
-1.66847
-1.66844
-1.66843
-1.66848
-1.66846
-1.66851
-1.6685
-1.66837
-1.66833
-1.6683
-1.6682
-1.66811
-1.66813
-1.66812
-1.66815
-1.66801
