-1.44425
-1.41716
-1.45551
-1.50954
-1.4464
-1.4994
-1.53326
-1.46618
-1.43983
-1.45452
-1.49008
-1.4829
-1.53448
-1.58073
-1.56489
-1.52536
-1.56354
-1.56273
-1.58956
-1.54614
-1.55014
-1.56791
-1.59498
-1.56929
-1.54643
-1.6101
-1.6037
-1.55706
-1.57906
-1.57472
-1.60432
-1.61042
-1.59547
-1.5919
-1.59426
-1.63681
-1.63286
-1.60817
-1.64981
-1.61217
-1.60702
-1.63661
-1.62568
-1.64072
-1.62101
-1.60506
-1.6225
-1.62761
-1.63579
-1.64105
-1.65071
-1.67413
-1.62939
-1.65227
-1.65471
-1.60447
-1.61679
-1.63784
-1.63458
-1.63574
-1.64122
-1.64939
-1.65791
-1.65861
-1.64533
-1.64223
-1.64599
-1.63578
-1.63957
-1.64225
-1.6465
-1.66111
-1.66706
-1.62578
-1.6559
-1.65952
-1.68965
-1.64827
-1.64821
-1.64295
-1.62902
-1.64695
-1.62674
-1.64692
-1.65531
-1.6501
-1.64638
-1.65108
-1.63687
-1.6535
-1.64249
-1.65473
-1.65977
-1.65877
-1.67381
-1.64751
-1.64263
-1.61754
-1.63647
-1.67498
-1.6405
-1.63473
-1.66052
-1.64583
-1.6448
-1.65381
-1.65999
-1.64985
-1.64451
-1.65259
-1.66986
-1.65738
-1.65844
-1.62825
-1.66752
-1.64954
-1.64542
-1.65014
-1.67266
-1.66802
-1.6383
-1.63332
-1.65952
-1.64763
-1.64655
-1.63546
-1.64897
-1.64863
-1.63563
-1.65014
-1.6788
-1.63035
-1.66265
-1.65186
-1.64555
-1.66261
-1.65623
-1.63204
-1.63239
-1.65761
-1.6396
-1.65385
-1.64323
-1.66036
-1.67325
-1.64178
-1.65408
-1.66004
-1.67303
-1.62857
-1.66012
-1.64584
-1.63824
-1.65761
-1.64104
-1.6402
-1.67949
-1.6591
-1.66634
-1.63581
-1.65653
-1.65376
-1.62674
-1.65962
-1.66269
-1.64792
-1.65065
-1.64456
-1.64613
-1.63537
-1.64233
-1.65885
-1.63413
-1.64959
-1.63981
-1.64365
-1.64664
-1.66247
-1.64183
-1.65303
-1.64889
-1.64813
-1.6582
-1.64694
-1.62686
-1.63489
-1.63851
-1.64433
-1.67277
-1.64418
-1.65309
-1.64028
-1.67984
-1.64766
-1.64322
-1.65698
-1.65469
-1.65709
-1.64516
-1.65405
-1.63443
-1.64875
-1.65189
-1.64665
-1.64382
-1.65801
-1.65499
-1.62763
-1.66313
-1.65011
-1.63834
-1.65032
-1.64974
-1.63728
-1.64548
-1.64511
-1.64359
-1.63213
-1.62367
-1.64478
-1.66815
-1.64263
-1.6576
-1.66394
-1.63713
-1.63489
-1.62645
-1.64816
-1.64915
-1.62881
-1.65202
-1.64876
-1.65917
-1.6516
-1.65071
-1.655
-1.64066
-1.6594
-1.63657
-1.65768
-1.65416
-1.65295
-1.65609
-1.64788
-1.65585
-1.64841
-1.65997
-1.6551
-1.63235
-1.64971
-1.65205
-1.64631
-1.65293
-1.6377
-1.64305
-1.64671
-1.65077
-1.65603
-1.63371
-1.65847
-1.63799
-1.64429
-1.65398
-1.64665
-1.6567
-1.64758
-1.65393
-1.66452
-1.64598
-1.63746
-1.65163
-1.65815
-1.65917
-1.63826
-1.64569
-1.65211
-1.65736
-1.65449
-1.64304
-1.65954
-1.65474
-1.643
-1.63794
-1.64654
-1.64546
-1.6434
-1.65836
-1.63599
-1.6405
-1.65424
-1.6407
-1.64868
-1.64962
-1.65225
-1.65049
-1.65505
-1.65146
-1.64751
-1.64668
-1.64613
-1.65417
-1.64498
-1.65177
-1.64642
-1.63012
-1.65003
-1.65499
-1.63934
-1.65607
-1.64827
-1.6516
-1.65133
-1.64274
-1.67972
-1.64047
-1.66512
-1.64564
-1.66522
-1.6487
-1.64609
-1.66436
-1.64392
-1.65945
-1.6461
-1.65951
-1.66697
-1.65769
-1.66427
-1.66801
-1.64709
-1.65141
-1.65765
-1.65997
-1.67662
-1.65611
-1.65583
-1.65373
-1.65371
-1.64961
-1.65361
-1.64368
-1.66804
-1.63563
-1.65587
-1.6385
-1.64979
-1.6544
-1.68335
-1.64393
-1.65555
-1.64788
-1.65717
-1.66704
-1.65091
-1.66147
-1.66123
-1.62996
-1.66907
-1.67053
-1.65942
-1.64718
-1.67839
-1.64689
-1.66073
-1.65924
-1.6491
-1.66157
-1.6708
-1.66051
-1.63827
-1.64669
-1.6623
-1.65692
-1.64903
-1.6517
-1.64585
-1.66725
-1.65251
-1.65293
-1.66843
-1.65851
-1.65724
-1.6615
-1.65663
-1.65826
-1.65558
-1.63498
-1.65725
-1.66536
-1.66025
-1.67227
-1.66394
-1.66514
-1.66671
-1.66553
-1.66835
-1.65999
-1.66615
-1.65013
-1.66201
-1.65748
-1.66513
-1.6588
-1.66731
-1.66831
-1.66292
-1.671
-1.65607
-1.66285
-1.66256
-1.67008
-1.67129
-1.65091
-1.66397
-1.66218
-1.66204
-1.65199
-1.67022
-1.65974
-1.6646
-1.66559
-1.66093
-1.67987
-1.66736
-1.65892
-1.6607
-1.66098
-1.67222
-1.66021
-1.66466
-1.66639
-1.67263
-1.66198
-1.66703
-1.6746
-1.66579
-1.66352
-1.67071
-1.66513
-1.6715
-1.66329
-1.65397
-1.66684
-1.66141
-1.67413
-1.65703
-1.66458
-1.66894
-1.65799
-1.66133
-1.67906
-1.66872
-1.66725
-1.66556
-1.67646
-1.66263
-1.66543
-1.66902
-1.66506
-1.66883
-1.6725
-1.67423
-1.67575
-1.65988
-1.67259
-1.66302
-1.67525
-1.66343
-1.66672
-1.67131
-1.65592
-1.6798
-1.6739
-1.6664
-1.66687
-1.6742
-1.66868
-1.66555
-1.66945
-1.67566
-1.65784
-1.6663
-1.67045
-1.67269
-1.67077
-1.66485
-1.67417
-1.66498
-1.66737
-1.67073
-1.66084
-1.67069
-1.66146
-1.66786
-1.66051
-1.67743
-1.66936
-1.66337
-1.67514
-1.67249
-1.66819
-1.66298
-1.67429
-1.65943
-1.66743
-1.65705
-1.66693
-1.68188
-1.66262
-1.66793
-1.65995
-1.66923
-1.66457
-1.67988
-1.67076
-1.6706
-1.6756
-1.66349
-1.67243
-1.66242
-1.65688
-1.67286
-1.67218
-1.66186
-1.66582
-1.67572
-1.67102
-1.67027
-1.6649
-1.65585
-1.65727
-1.6711
-1.67595
-1.66622
-1.65907
-1.66512
-1.66601
-1.66545
-1.6712
-1.66398
-1.66635
-1.66461
-1.66939
-1.6688
-1.67407
-1.66451
-1.67304
-1.67256
-1.66478
-1.66379
-1.67204
-1.68329
-1.66775
-1.6749
-1.66234
-1.66732
-1.67027
-1.66595
-1.66405
-1.66897
-1.65975
-1.6695
-1.66535
-1.66683
-1.66831
-1.6612
-1.66146
-1.67201
-1.66931
-1.66649
-1.66659
-1.67457
-1.66983
-1.66916
-1.66207
-1.6637
-1.67049
-1.66469
-1.67589
-1.67163
-1.65738
-1.66292
-1.66383
-1.66624
-1.65985
-1.67354
-1.67147
-1.67374
-1.67077
-1.67213
-1.66782
-1.67533
-1.66681
-1.66428
-1.68163
-1.66809
-1.67608
-1.67433
-1.68106
-1.67459
-1.66698
-1.68027
-1.66563
-1.68043
-1.66451
-1.66838
-1.67946
-1.67067
-1.66407
-1.66568
-1.66214
-1.66391
-1.66267
-1.66863
-1.66595
-1.6795
-1.66536
-1.66842
-1.66818
-1.667
-1.66917
-1.66516
-1.6704
-1.6791
-1.67137
-1.66696
-1.67359
-1.66822
-1.67237
-1.67438
-1.67944
-1.66863
-1.6738
-1.66816
-1.66343
-1.66653
-1.66121
-1.66472
-1.65855
-1.67258
-1.67166
-1.67277
-1.66743
-1.66812
-1.66112
-1.671
-1.66526
-1.65971
-1.66362
-1.66047
-1.66888
-1.66647
-1.67552
-1.6601
-1.65708
-1.67572
-1.66777
-1.65778
-1.67302
-1.66248
-1.66972
-1.66028
-1.65967
-1.66631
-1.66589
-1.67143
-1.67525
-1.67073
-1.66683
-1.66409
-1.67136
-1.67297
-1.67105
-1.6701
-1.66526
-1.66434
-1.67194
-1.66031
-1.66266
-1.67001
-1.65893
-1.66247
-1.68591
-1.65951
-1.66677
-1.6691
-1.66201
-1.66446
-1.66935
-1.67805
-1.67008
-1.67
-1.6572
-1.67108
-1.66731
-1.66605
-1.67812
-1.6792
-1.65566
-1.675
-1.67089
-1.66187
-1.65704
-1.67059
-1.66933
-1.67772
-1.66391
-1.66007
-1.67454
-1.66837
-1.66634
-1.66975
-1.66436
-1.66358
-1.66833
-1.66825
-1.66873
-1.66445
-1.67207
-1.66713
-1.65941
-1.66373
-1.66307
-1.66677
-1.66837
-1.66431
-1.67475
-1.66525
-1.66395
-1.66708
-1.66309
-1.64976
-1.67099
-1.6664
-1.67051
-1.67125
-1.67079
-1.66103
-1.67969
-1.65857
-1.65815
-1.66459
-1.67158
-1.67186
-1.66866
-1.67134
-1.67449
-1.6643
-1.66677
-1.66107
-1.65565
-1.67884
-1.66892
-1.66006
-1.66274
-1.66983
-1.66551
-1.66327
-1.66208
-1.65741
-1.65626
-1.67661
-1.66823
-1.66773
-1.65757
-1.66397
-1.66099
-1.67013
-1.6558
-1.65538
-1.65928
-1.66713
-1.66627
-1.66565
-1.65678
-1.67049
-1.66158
-1.66397
-1.65728
-1.67236
-1.65002
-1.66092
-1.66557
-1.67129
-1.6618
-1.66884
-1.68014
-1.66706
-1.66474
-1.66468
-1.64992
-1.65806
-1.66719
-1.65512
-1.65992
-1.66087
-1.66
-1.65632
-1.64588
-1.66092
-1.65809
-1.65953
-1.66606
-1.65209
-1.6638
-1.66067
-1.65828
-1.66405
-1.66831
-1.66417
-1.65538
-1.66804
-1.65559
-1.65425
-1.65777
-1.6584
-1.66863
-1.65776
-1.64762
-1.65083
-1.65258
-1.67852
-1.64782
-1.64482
-1.65797
-1.65705
-1.65315
-1.6592
-1.65553
-1.66011
-1.65269
-1.66726
-1.65531
-1.66302
-1.65845
-1.67039
-1.65464
-1.65989
-1.65374
-1.66599
-1.65879
-1.65531
-1.66209
-1.65545
-1.64974
-1.64588
-1.65343
-1.65489
-1.65565
-1.65388
-1.67037
-1.65942
-1.65454
-1.65404
-1.65846
-1.65288
-1.6654
-1.6593
-1.65811
-1.65914
-1.65338
-1.65789
-1.64798
-1.6476
-1.65801
-1.64653
-1.65471
-1.65228
-1.66299
-1.65182
-1.65375
-1.66089
-1.66039
-1.65991
-1.66422
-1.65676
-1.64136
-1.64195
-1.64967
-1.64756
-1.65209
-1.65228
-1.65322
-1.66677
-1.65703
-1.6401
-1.66662
-1.66208
-1.67871
-1.65791
-1.6527
-1.66333
-1.66954
-1.6492
-1.65496
-1.65673
-1.67014
-1.64965
-1.65429
-1.6512
-1.63721
-1.65561
-1.64223
-1.64763
-1.64764
-1.66131
-1.64581
-1.65719
-1.64857
-1.67438
-1.66545
-1.64618
-1.65517
-1.65613
-1.66064
-1.65042
-1.66105
-1.67792
-1.6688
-1.65879
-1.67074
-1.65465
-1.66275
-1.66891
-1.6589
-1.65463
-1.65838
-1.65663
-1.64445
-1.6489
-1.66251
-1.66796
-1.65621
-1.66852
-1.64617
-1.67139
-1.67058
-1.67128
-1.65725
-1.64578
-1.64936
-1.65866
-1.66362
-1.66394
-1.66384
-1.6553
-1.66473
-1.67357
-1.66255
-1.65271
-1.65785
-1.66361
-1.6534
-1.65114
-1.66284
-1.65363
-1.66671
-1.64417
-1.65345
-1.65686
-1.66125
-1.66557
-1.64292
-1.66164
-1.67294
-1.64994
-1.65373
-1.65357
-1.66682
-1.66354
-1.66447
-1.66607
-1.65805
-1.64703
-1.66036
-1.65672
-1.65646
-1.66539
-1.65752
-1.66958
-1.64896
-1.66232
-1.66622
-1.66211
-1.65661
-1.67779
-1.6568
-1.65823
-1.67621
-1.66906
-1.66287
-1.66184
-1.66043
-1.65872
-1.65267
-1.66938
-1.67663
-1.66551
-1.6648
-1.65396
-1.65602
-1.67051
-1.65264
-1.66689
-1.65212
-1.65075
-1.65888
-1.66228
-1.66234
-1.67144
-1.65378
-1.66243
-1.66908
-1.65825
-1.67707
-1.66855
-1.65287
-1.6596
-1.68092
-1.6519
-1.66321
-1.67071
-1.68083
-1.6577
-1.65668
-1.65854
-1.66621
-1.66417
-1.67371
-1.65254
-1.65624
-1.66364
-1.66534
-1.65809
-1.66627
-1.67007
-1.6632
-1.67648
-1.67279
-1.66516
-1.6506
-1.64772
-1.64616
-1.6751
-1.66743
-1.66305
-1.665
-1.67016
-1.66202
-1.65632
-1.66606
-1.67894
-1.6533
-1.67133
-1.66784
-1.66154
-1.66998
-1.66131
-1.66559
-1.66577
-1.66965
-1.66995
-1.66355
-1.6685
-1.66246
-1.66837
-1.67128
-1.67646
-1.66968
-1.66079
-1.66367
-1.65581
-1.65738
-1.66356
-1.66249
-1.66369
-1.66905
-1.6627
-1.66289
-1.67038
-1.66811
-1.67228
-1.6718
-1.65873
-1.67076
-1.66312
-1.66599
-1.66834
-1.67186
-1.67747
-1.65954
-1.65925
-1.67153
-1.66773
-1.66089
-1.6681
-1.66702
-1.66677
-1.6606
-1.67047
-1.65906
-1.67133
-1.67418
-1.65822
-1.66051
-1.65791
-1.6744
-1.66984
-1.66699
-1.66576
-1.66089
-1.66231
-1.66352
-1.66295
-1.66787
-1.66398
-1.66338
-1.66116
-1.66082
-1.66364
-1.66716
-1.66822
-1.66349
-1.67107
-1.6662
-1.66697
-1.66479
-1.66958
-1.67595
-1.66124
-1.67399
-1.66943
-1.6729
-1.6709
-1.66387
-1.66703
-1.65888
-1.65827
-1.66355
-1.67354
-1.66364
-1.67571
-1.67288
-1.65686
-1.6658
-1.67127
-1.67238
-1.66775
-1.66065
-1.66183
-1.66669
-1.66917
-1.66328
-1.66751
-1.66665
-1.66511
-1.66128
-1.66434
-1.67306
-1.66938
-1.6657
-1.66553
-1.66484
-1.67351
-1.66578
-1.6726
-1.67316
-1.65429
-1.6669
-1.67088
-1.67454
-1.66953
-1.67784
-1.6599
-1.66468
-1.66738
-1.66947
-1.65669
-1.67268
-1.67246
-1.66352
-1.6713
-1.66622
-1.66405
-1.66803
-1.67025
-1.6691
-1.66892
-1.6755
-1.66295
-1.66524
-1.67491
-1.66095
-1.66998
-1.66696
-1.66926
-1.66631
-1.66224
-1.6687
-1.66398
-1.67943
-1.65582
-1.65473
-1.66275
-1.66665
-1.66867
-1.67388
-1.67366
-1.66728
-1.66036
-1.67018
-1.65943
-1.66355
-1.66208
-1.65349
-1.6636
-1.6661
-1.67744
-1.66817
-1.67657
-1.67034
-1.66709
-1.67079
-1.67469
-1.67111
-1.67432
-1.66312
-1.66705
-1.66432
-1.66669
-1.67129
-1.67013
-1.66011
-1.66086
-1.66421
-1.67182
-1.67292
-1.66112
-1.66518
-1.66933
-1.68362
-1.65672
-1.66635
-1.66242
-1.66926
-1.672
-1.66972
-1.66671
-1.66248
-1.67155
-1.67292
-1.67594
-1.66853
-1.66213
-1.65821
-1.66674
-1.65956
-1.66765
-1.65911
-1.6688
-1.67281
-1.66472
-1.675
-1.67066
-1.66933
-1.66344
-1.67073
-1.66803
-1.67628
-1.67528
-1.66604
-1.6669
-1.66574
-1.66518
-1.67153
-1.6814
-1.66208
-1.68606
-1.67389
-1.66954
-1.67355
-1.67687
-1.67631
-1.66275
-1.66894
-1.66806
-1.65863
-1.66579
-1.67363
-1.67154
-1.67624
-1.66059
-1.67083
-1.6716
-1.66405
-1.67332
-1.66436
-1.67541
-1.6672
-1.66206
-1.66327
-1.67159
-1.67314
-1.66619
-1.66868
-1.6688
-1.67001
-1.6735
-1.66368
-1.67359
-1.66446
-1.67039
-1.66743
-1.66256
-1.66465
-1.67115
-1.66846
-1.6624
-1.66604
-1.66858
-1.67249
-1.66545
-1.67719
-1.67897
-1.67445
-1.67528
-1.66524
-1.66475
-1.66441
-1.66323
-1.65932
-1.67477
-1.67931
-1.66544
-1.66982
-1.67499
-1.66637
-1.66648
-1.66304
-1.66786
-1.6763
-1.66675
-1.67752
-1.66706
-1.66868
-1.66479
-1.66987
-1.67613
-1.66692
-1.67014
-1.66694
-1.66843
-1.66058
-1.66985
-1.67584
-1.6627
-1.66687
-1.68015
-1.66122
-1.67176
-1.66042
-1.67047
-1.66244
-1.67379
-1.66481
-1.66253
-1.65365
-1.66371
-1.67536
-1.66212
-1.67283
-1.67137
-1.67089
-1.66615
-1.66516
-1.67215
-1.67526
-1.66461
-1.67774
-1.67059
-1.67318
-1.67522
-1.66648
-1.67187
-1.6696
-1.66397
-1.66574
-1.67386
-1.66658
-1.66808
-1.67288
-1.67372
-1.66084
-1.67323
-1.67271
-1.66558
-1.6678
-1.66944
-1.65816
-1.67206
-1.66446
-1.67279
-1.6714
-1.67059
-1.66877
-1.66861
-1.66317
-1.67196
-1.67509
-1.67182
-1.66423
-1.66406
-1.66662
-1.65791
-1.67065
-1.67145
-1.67059
-1.66989
-1.66751
-1.66958
-1.66499
-1.66427
-1.66398
-1.66345
-1.66627
-1.67241
-1.67296
-1.66468
-1.66902
-1.66404
-1.66857
-1.6718
-1.66665
-1.6676
-1.66596
-1.66271
-1.66094
-1.67006
-1.67849
-1.66378
-1.68217
-1.66056
-1.67267
-1.67953
-1.67112
-1.6742
-1.66787
-1.66788
-1.66982
-1.66905
-1.67106
-1.66957
-1.66654
-1.6716
-1.66322
-1.67254
-1.66494
-1.66833
-1.66344
-1.67878
-1.65606
-1.66905
-1.66031
-1.66928
-1.66468
-1.66104
-1.66936
-1.66211
-1.66561
-1.66771
-1.67347
-1.66981
-1.67327
-1.68054
-1.66638
-1.6712
-1.66393
-1.65785
-1.6747
-1.66209
-1.67632
-1.66988
-1.66206
-1.66406
-1.6643
-1.67983
-1.67214
-1.6596
-1.66909
-1.67034
-1.66869
-1.67371
-1.67093
-1.67494
-1.67228
-1.67052
-1.67028
-1.66528
-1.66653
-1.66799
-1.66244
-1.6785
-1.66291
-1.67269
-1.67767
-1.67439
-1.66958
-1.65862
-1.67067
-1.66618
-1.66397
-1.67724
-1.66344
-1.66556
-1.66964
-1.67619
-1.66654
-1.67593
-1.67223
-1.67076
-1.66456
-1.6694
-1.66446
-1.67213
-1.67
-1.67321
-1.67353
-1.66786
-1.67139
-1.67438
-1.66409
-1.66787
-1.66544
-1.67662
-1.66571
-1.67392
-1.66748
-1.67767
-1.66573
-1.66196
-1.66534
-1.66491
-1.66697
-1.67478
-1.66675
-1.6758
-1.67338
-1.66977
-1.66405
-1.66283
-1.66725
-1.66163
-1.66868
-1.66785
-1.67283
-1.66648
-1.67167
-1.66098
-1.66503
-1.67099
-1.67452
-1.66588
-1.66887
-1.67104
-1.67132
-1.67294
-1.67218
-1.66604
-1.66033
-1.67738
-1.6721
-1.66568
-1.66992
-1.66912
-1.67131
-1.67373
-1.66238
-1.66347
-1.66736
-1.66551
-1.66245
-1.67204
-1.67645
-1.66608
-1.66295
-1.67108
-1.66354
-1.66837
-1.66939
-1.6696
-1.66656
-1.67317
-1.66849
-1.6719
-1.67377
-1.67317
-1.66455
-1.66648
-1.66921
-1.67259
-1.66522
-1.67807
-1.66492
-1.66997
-1.66536
-1.66874
-1.67
-1.67001
-1.6646
-1.67125
-1.66533
-1.67189
-1.67151
-1.66314
-1.667
-1.6637
-1.6652
-1.67694
-1.67368
-1.67051
-1.6727
-1.66654
-1.66769
-1.67249
-1.67045
-1.66464
-1.6769
-1.67137
-1.65674
-1.67174
-1.67049
-1.66453
-1.66753
-1.666
-1.65838
-1.6755
-1.67126
-1.66432
-1.6686
-1.66088
-1.67747
-1.66219
-1.66035
-1.66582
-1.67168
-1.67077
-1.66254
-1.67025
-1.66414
-1.66803
-1.67169
-1.66621
-1.66741
-1.66913
-1.66544
-1.66403
-1.66526
-1.66875
-1.66532
-1.6736
-1.67114
-1.67537
-1.6652
-1.66801
-1.67253
-1.66247
-1.67544
-1.67129
-1.66292
-1.66995
-1.67302
-1.66855
-1.66686
-1.66815
-1.67128
-1.66085
-1.67347
-1.66147
-1.66833
-1.67584
-1.66508
-1.66236
-1.67059
-1.6718
-1.66768
-1.66769
-1.66247
-1.67301
-1.66818
-1.67414
-1.66589
-1.6596
-1.66482
-1.6689
-1.6638
-1.66445
-1.66644
-1.66478
-1.6725
-1.65877
