0.983501
1.02424
0.993485
1.07123
0.970844
1.00578
0.992403
0.989861
1.02257
1.01203
0.999449
1.03131
1.03687
0.902944
1.00732
0.928346
0.859527
0.865403
0.955367
1.05262
1.14322
1.22989
0.91832
0.965988
0.988115
1.05016
1.08255
0.891225
0.946424
1.03595
1.05835
0.886587
0.915215
0.891744
0.901504
0.992067
0.889758
1.05478
0.640183
0.930785
0.937313
1.00992
0.886139
0.889308
0.987662
1.0729
1.01981
0.854585
1.01103
1.03758
1.08265
0.855321
0.752165
1.03334
1.05174
0.935683
1.11867
1.20115
1.15277
0.910058
0.914069
0.974894
0.831142
1.31557
1.25471
1.06723
0.976569
0.959292
0.679496
1.06846
1.36597
0.810376
0.948877
0.849238
0.937973
1.06779
1.11397
0.97385
1.10141
1.03796
0.967685
1.05916
1.08772
1.56308
1.13615
1.43467
1.37554
1.06775
0.697485
1.04619
1.24592
0.672282
1.012
0.835725
1.30137
1.03127
1.28426
1.17903
1.23257
0.827675
1.08738
0.903472
0.801932
1.37842
1.05157
1.05279
0.839253
1.02136
0.764841
1.04088
1.06506
1.11764
0.971154
1.02171
1.02166
0.909508
1.10231
1.13722
0.89679
0.99089
0.89283
1.18178
0.809598
0.981306
1.05668
1.19392
1.09715
0.834536
1.14021
0.70761
0.894758
0.863715
0.889814
1.18112
0.827975
1.09808
0.95728
1.41142
1.03334
1.16716
0.896682
1.08333
1.18593
0.829744
0.985714
1.04211
1.01691
1.32847
1.27549
1.11084
1.14398
1.21222
1.18881
1.01218
0.904246
0.871309
1.12722
0.884581
0.837965
1.06412
1.09081
1.33192
0.964675
1.15852
0.883319
1.035
0.858557
1.11289
1.07
1.09006
1.03552
0.869946
0.949546
1.06894
0.905036
0.958456
0.885062
1.09278
1.14348
0.915777
0.895385
0.991475
1.12088
1.03412
0.799644
1.12818
0.914434
1.0625
0.950592
1.05777
0.92964
0.973607
1.05278
1.0274
1.16921
0.949297
1.04797
0.964668
1.50214
0.992757
0.954041
1.35811
1.08081
1.0097
0.890545
0.981355
0.879472
0.937507
1.19794
1.14364
1.09824
0.992844
1.16042
1.23235
0.727251
0.97245
0.963318
0.898681
0.968721
1.06596
1.36852
1.07325
1.22255
1.04862
1.26883
1.19475
0.859063
0.939024
1.12251
1.4269
0.829598
1.11025
1.13422
0.993217
1.25414
1.14436
0.94616
1.06069
0.994186
0.790533
1.24462
0.767976
1.23206
0.874237
1.09479
1.29412
0.785139
1.50835
0.895733
1.11781
0.867295
1.22895
1.18623
1.11206
0.899623
0.903463
0.808024
1.20581
0.947119
0.88825
0.987454
0.759444
0.984173
0.899056
0.907841
1.30785
1.03561
1.04646
1.06029
1.14075
1.10375
0.726119
1.16688
0.876488
0.556529
1.10186
0.936223
1.12888
0.831975
1.15912
0.742472
1.08441
0.937272
0.635965
0.928806
0.946667
0.636041
0.839919
1.48113
1.15785
0.713055
0.923533
0.783886
1.05732
1.05226
1.07191
0.929689
1.12725
1.2396
1.27649
0.947214
1.04351
1.08227
0.861806
0.780215
1.04419
0.936933
1.19838
0.824611
0.875435
1.12508
1.11401
0.876434
0.824863
1.29836
0.79897
1.08961
1.02128
1.01742
1.02084
1.17165
0.548102
0.850057
0.885887
1.19092
0.86489
0.747377
1.07553
1.34404
1.10559
0.851979
0.980247
0.865311
0.741841
1.36097
0.733569
1.06061
0.956093
1.03654
0.988373
1.26051
1.17912
0.875862
0.750139
0.810839
1.08196
0.946031
0.773038
1.02228
0.86881
1.27909
0.82254
0.9605
0.991476
0.96129
1.09825
0.538098
1.25948
1.03895
0.945019
0.773805
0.802881
0.648063
0.813462
1.04946
1.11695
0.991304
0.867526
1.04714
1.05417
1.09973
1.03547
0.777665
0.865767
0.966315
0.934054
0.808738
1.06739
0.994696
0.95357
1.14734
0.799851
0.852705
1.12175
1.16147
0.601833
0.90458
0.921249
0.712942
1.1564
1.22762
0.871466
1.19247
1.12523
0.756524
1.05024
0.858606
1.29402
0.786887
0.835934
1.09848
1.16554
1.05021
0.942313
0.905135
0.897179
0.921056
0.9252
1.01776
0.814706
1.04265
1.03248
0.936964
1.23284
0.822927
0.851821
1.09628
1.02728
1.11343
1.10163
0.951848
0.705719
0.853616
0.926259
1.20025
1.16005
0.841848
0.710387
0.906605
0.76956
1.12319
0.933926
1.09716
0.59261
0.898778
0.955001
0.802919
0.899964
1.04054
1.01491
1.16065
0.953066
0.94358
1.09685
1.01443
0.98841
0.990038
1.00127
0.95508
1.20117
0.530625
0.851919
0.981438
0.982562
0.991728
1.12016
0.762407
1.0359
0.805954
1.10715
1.22515
1.21012
1.00757
0.878982
0.881028
1.15701
0.986025
1.18359
0.971573
0.643854
0.9456
1.13539
0.880058
0.706792
0.89632
0.997776
0.812261
0.803317
1.17128
0.899413
0.956823
1.03304
1.14085
0.758647
0.968954
0.955343
0.937211
0.889419
1.1251
0.93216
0.944127
1.0601
0.847069
1.18077
1.13998
1.00865
0.98375
0.941901
0.911559
0.871277
0.84728
1.00257
0.778948
0.771128
1.38779
1.27118
1.22831
0.751829
1.14329
1.09389
0.713649
1.19414
1.01897
0.53458
1.5253
1.11116
0.883973
0.977456
0.853537
1.05506
1.0679
1.20248
1.06088
0.961594
0.873787
0.851597
1.05001
1.39134
1.22684
0.988345
0.899962
1.12145
0.820461
1.25829
0.95866
0.888309
0.854846
1.0174
1.18054
1.0172
0.929789
0.951551
0.985518
0.974395
1.28677
0.707131
1.04836
0.819984
0.904076
1.03435
1.1331
1.07465
1.1406
0.914444
0.733153
1.14308
1.05669
0.804771
0.992608
1.12867
0.87898
0.93395
0.971128
0.824249
1.11381
1.45863
0.843332
1.42101
1.04759
0.965109
1.16928
0.919247
0.958868
1.20064
0.720267
0.886311
1.00905
0.783229
0.834172
0.809891
1.23267
0.782595
0.879408
0.85793
1.13397
1.082
0.97833
0.894344
0.858763
1.42852
1.25162
0.966296
0.950205
1.07613
0.94843
1.07089
0.995726
0.55437
0.784813
0.615891
1.04813
1.0844
1.24396
0.965922
0.855143
0.839711
0.697395
0.821147
1.30845
1.31726
1.22969
1.27146
0.966748
0.908785
0.994714
1.28331
0.971739
0.921037
1.13912
0.9472
1.15673
0.893845
0.88227
0.881939
1.11047
0.910841
1.2558
0.840781
0.884345
0.983565
1.13838
1.00363
1.27073
1.15051
1.13731
0.984861
1.01396
0.788964
0.903599
1.33946
0.973851
0.997028
0.886905
0.854475
1.10127
1.00132
0.999516
0.815767
0.890193
0.991522
0.757679
1.11086
1.02768
1.14053
0.863625
1.10137
1.12905
0.864344
0.950784
0.662836
0.944999
0.983945
1.18251
1.02107
0.813658
1.13451
1.11992
1.04787
1.22197
1.02223
1.13464
0.919781
1.22454
1.10765
1.19432
1.04674
1.11562
0.99778
1.01058
0.853731
0.92581
0.86344
0.884926
0.840485
1.22127
0.46124
0.864349
0.925065
1.10588
1.1606
1.20447
0.899064
1.40283
1.2417
0.806683
0.98997
0.903695
0.860751
0.761668
0.826689
1.29324
1.16935
1.04706
1.01964
0.907557
1.08675
1.05142
1.08458
1.04884
0.988178
0.860552
0.992903
0.941221
1.01485
0.943643
0.932842
1.09159
0.954311
1.06171
0.883605
1.0357
0.99492
1.18899
0.838017
0.960788
0.872754
0.872344
0.732033
1.3244
0.940563
0.954802
1.02945
1.10307
1.08794
0.966452
1.06563
0.977341
0.967355
1.16693
1.07481
0.915132
0.9286
1.05029
1.07397
0.765602
0.804428
0.924485
1.00008
0.715271
1.24438
1.32931
0.846468
1.35498
0.883052
1.17178
1.05821
1.26363
1.18628
0.734956
1.20606
0.812696
0.979196
0.783142
1.03874
1.17496
1.27771
1.11745
0.719413
0.662416
1.43495
1.25418
0.799163
0.91217
0.72649
0.828538
0.945992
0.942927
0.838738
1.309
0.885573
1.28304
0.956114
1.13043
1.1011
0.571225
0.889573
1.20263
1.22586
0.991575
0.79248
1.10214
1.04648
1.20037
1.147
0.92801
0.980643
1.16579
1.05549
1.04059
1.12178
0.647876
0.710077
1.0226
1.09538
0.869609
0.831859
1.29911
1.20494
0.863797
0.973896
0.918742
1.11628
0.853202
1.76762
1.20768
0.93102
1.18296
0.787177
0.844281
1.1224
0.899393
0.9438
1.09653
0.983527
0.946661
0.684397
1.04548
1.01448
1.00424
1.22813
0.896455
1.15981
0.662251
0.899444
1.19957
0.939638
0.794448
1.37207
1.02805
1.0241
0.719535
0.948245
1.0218
1.30099
0.976583
0.811206
0.747079
0.944525
0.908748
0.875353
0.822574
0.925256
1.02443
0.953314
1.11707
0.986324
0.933187
0.876127
0.808623
0.899463
1.08391
1.04934
1.19472
0.917849
0.91956
0.751333
1.17189
0.794054
1.15297
1.01527
1.09571
0.906776
1.398
0.792707
0.783807
0.83034
0.557548
1.4384
1.06638
0.975546
1.20536
1.12121
0.786204
1.14316
0.949789
1.1955
1.0663
1.21696
0.956132
1.1175
1.02643
1.05342
0.871136
0.971255
1.12198
1.05245
0.796799
1.29679
0.961242
1.31935
0.817656
1.24095
0.740609
0.887667
1.0287
0.876694
1.21461
0.709278
1.05434
1.01899
0.94254
0.95414
1.05717
0.903821
1.01795
0.820091
0.841079
0.990948
0.813027
1.04883
1.23889
1.1586
0.988553
0.905004
1.00154
1.15949
0.92021
0.768944
1.39255
0.825422
1.06735
0.851039
0.594948
1.02733
1.32947
1.39743
0.980773
0.842216
1.27879
1.12908
1.14861
0.975462
1.02914
0.859443
1.19142
0.988473
0.94235
0.992141
0.804298
0.90504
0.852651
1.33641
0.885394
0.902457
0.83587
0.966729
0.898941
1.12027
1.1739
1.03155
1.24569
0.860367
1.38614
0.77968
1.05149
1.16722
0.842418
0.872397
1.00675
0.97305
1.15938
1.06365
0.980803
1.46811
1.28799
1.025
0.775209
1.23389
0.900027
0.968192
0.919199
1.51332
1.04233
0.723853
1.18556
1.14568
0.836408
1.10031
0.943131
0.73569
1.21266
0.886352
0.869787
1.11319
1.01195
1.25852
1.38069
1.0072
0.903865
0.998218
0.810914
0.913817
0.975915
0.885586
1.07237
0.586743
1.1606
1.08569
0.953064
0.602588
1.0132
0.772552
1.0942
0.917525
1.32758
0.715353
0.923525
0.827003
0.959402
1.03934
1.01856
0.857721
0.866441
0.929176
0.892353
0.808782
0.971796
1.05509
1.19399
0.870691
1.16223
0.812498
0.872617
1.17447
1.00325
0.871072
1.04719
0.970437
0.984464
0.805359
0.911286
1.03089
1.13592
0.858581
1.13268
1.05033
0.733879
0.86899
0.908937
1.17464
0.869025
0.950941
0.881007
0.913686
1.2356
1.14851
1.04096
0.974452
0.972388
0.920767
1.01284
1.20608
1.06491
1.02263
1.31313
1.03629
0.944177
1.24483
1.02413
0.944151
0.87763
1.05931
1.03886
0.854213
0.872027
1.03178
1.09141
1.31338
1.08939
0.690138
1.15477
1.03889
1.07169
0.947772
0.879237
1.0145
1.06203
0.958293
0.955305
1.13173
0.886207
0.972542
1.15243
0.883895
1.04871
1.18465
0.775762
1.00543
0.918275
0.898019
1.10858
1.09361
1.30517
1.27979
1.22904
1.0189
1.21063
1.26127
0.988826
1.25404
0.920885
1.04753
1.22305
0.970104
0.651511
1.23405
1.03941
1.22333
0.987916
1.01198
0.786964
1.11407
1.09699
1.01737
1.30853
1.12344
0.955791
1.01798
0.807151
1.06043
0.880002
0.889288
1.08513
1.05037
1.32878
0.962889
1.06126
1.13071
0.909484
0.928192
1.08411
0.992475
0.822233
0.894572
0.933122
0.937522
0.973714
1.17259
0.767266
0.781856
1.01292
1.10368
1.01067
0.904937
0.792325
1.23507
0.930659
1.1266
0.994176
1.03487
0.901757
1.1843
0.99377
1.18622
1.12204
0.581981
1.25444
1.5804
0.904993
1.02942
1.08158
1.35892
1.06419
0.857482
0.948381
1.19223
0.88849
0.94031
0.905295
1.24413
0.855304
0.904635
0.996409
0.854698
0.888147
1.05925
0.780524
0.828024
0.776348
0.824921
0.851368
0.868862
1.14827
1.0762
0.976679
0.890273
1.11777
1.08526
1.25047
0.949498
0.799985
0.856151
1.03338
1.04047
1.05706
1.15359
0.98366
0.82573
0.876041
1.09663
1.02426
1.15468
0.954453
1.14203
1.43131
1.17969
1.06429
0.88876
1.15861
1.02377
1.07411
0.924989
0.992302
1.11146
1.38689
0.886196
0.753803
1.25317
0.947749
1.42879
0.808291
0.71321
0.649827
0.78913
1.04175
1.22564
0.945208
1.20875
1.08023
1.18309
1.02673
0.872187
1.14784
1.37891
1.09574
0.958981
0.895274
0.992178
1.37085
0.980306
1.04376
0.857414
1.00003
0.993737
0.85757
1.11323
0.829337
1.22149
0.717335
1.0543
0.73071
0.787054
1.11521
1.17652
0.97873
0.944951
0.967376
1.01095
1.11655
1.01426
1.07383
1.02145
1.07789
0.852633
1.04403
1.06651
0.845076
0.979777
0.770782
1.15888
1.04295
1.07348
1.04848
0.907945
0.706455
0.803218
1.08784
1.02446
0.828579
0.900983
0.991552
0.986486
0.989723
1.27719
0.932401
1.04706
1.19359
0.961632
1.04745
1.05711
1.22457
1.10249
0.992897
1.00337
1.06899
0.934025
0.879869
0.860641
1.12988
0.74065
0.771321
0.996879
1.08823
0.710771
1.21849
0.905282
1.13955
1.01255
1.01248
1.45654
1.52882
1.14356
0.978707
1.27765
1.09235
1.02126
1.13538
0.889543
0.865879
1.2802
0.992493
0.859509
0.877837
1.07095
0.82505
1.03056
1.05343
1.1594
0.763625
0.880507
1.1263
0.746381
0.942326
1.38446
1.13531
0.84437
1.04145
0.989991
1.24476
0.663436
1.01793
0.939506
1.13702
1.07522
1.15257
1.2405
1.08709
0.830131
0.796989
1.04224
0.997397
1.19666
1.11331
0.906066
0.902767
0.918383
0.974243
0.914027
1.01638
1.02432
1.08143
1.14523
1.07415
0.885885
0.955285
1.30513
0.945054
1.24312
0.825411
0.799244
0.762363
1.18577
0.963548
0.832973
0.718171
0.833863
1.06409
1.02645
1.14947
0.888262
1.11377
0.769934
0.962829
0.744804
1.11563
1.12839
0.965904
0.937115
0.989976
0.864442
0.911365
1.10228
1.36578
0.964124
1.12687
0.804552
0.813087
0.997764
1.13168
1.22648
1.30782
0.95098
1.08875
0.776995
0.805993
1.05066
0.991537
0.87907
0.845525
0.916629
0.894271
1.08696
1.08547
1.08863
1.26267
0.612584
0.762466
0.755053
1.1112
0.855153
1.29586
1.02325
1.0284
0.87821
0.671514
0.928254
1.04474
0.786222
1.27887
1.1275
1.26742
0.904356
1.25441
1.14743
1.103
1.06974
1.06706
1.00647
1.33751
1.13486
0.92426
0.993647
0.803348
1.0073
1.11582
0.777253
1.54534
1.14484
1.31904
1.30791
0.624022
1.21487
0.904086
0.834651
0.78213
0.907392
1.07055
1.16109
0.847903
0.693897
1.21298
0.797323
1.78078
0.940734
0.717389
0.972522
1.01133
0.995888
1.42404
1.04563
0.872862
1.39795
0.792633
0.775555
0.894667
0.888683
1.04044
0.795641
1.02759
0.935392
0.948838
1.02673
1.1573
0.587524
1.16261
1.16233
0.9799
1.14648
1.07274
0.849925
0.748784
0.97103
1.05656
1.53421
1.06289
1.10855
1.22885
0.953368
1.18193
1.02176
0.826149
0.89554
0.929906
0.968151
1.09656
1.32512
0.647425
0.983453
1.17212
1.23524
0.845921
1.16677
0.84728
1.1143
1.04261
0.862823
0.906932
1.26805
1.20946
1.0778
0.697679
1.02804
0.933191
0.723149
0.903655
1.08845
1.26638
1.1387
1.1787
1.01343
0.909856
1.33359
0.992359
1.23829
0.672586
0.864855
0.800474
1.42259
1.16656
1.15637
0.718472
1.2067
1.0189
0.859656
0.817822
1.10553
0.931202
0.911746
1.15787
0.867563
0.965763
0.949638
1.17812
1.275
1.00232
1.39502
1.21865
0.819095
1.0274
0.957931
0.882846
0.945738
0.844214
1.35996
1.1013
1.19868
1.01491
0.867086
1.07368
0.989136
0.748282
1.012
0.923429
1.01833
0.984521
1.1138
0.979554
1.25946
0.799715
1.2334
0.673663
1.14556
1.12994
0.959373
0.707263
0.910381
0.811076
1.21363
0.951512
0.928897
1.10656
0.840623
1.06379
1.01199
0.857337
0.969073
0.977277
0.985957
0.949018
1.13429
1.09489
0.922902
1.0421
1.12363
1.50492
0.985226
0.810537
0.943685
0.726394
1.19056
0.914382
1.09719
0.697116
0.837812
1.16689
1.08455
1.00494
0.942963
0.948326
0.919561
1.08574
1.1228
0.752368
0.884617
1.02204
0.688947
0.639793
0.911246
0.965684
1.03299
0.869074
1.13864
1.01357
1.08028
0.845378
0.919271
0.986015
0.856138
0.93275
0.843953
0.964565
1.03615
0.834032
1.03314
0.769946
1.2647
1.30842
1.3066
0.95026
0.955281
0.953511
0.618196
1.0681
0.92585
1.25713
1.02164
0.750919
0.786766
1.06502
1.17745
1.09314
0.892994
1.07628
1.07348
1.10253
1.08664
1.13365
1.10249
1.1707
0.936573
1.09776
0.840524
0.952464
1.14976
0.752525
1.04053
0.827206
0.983061
1.05827
1.04572
0.872652
0.967095
0.875824
0.932542
0.789795
0.914027
0.947081
1.21121
0.824353
0.870175
