0.910982
0.901898
0.928843
0.941882
0.940882
0.952474
0.959476
0.953493
0.947248
0.942563
0.903334
0.925906
0.943656
0.919084
0.920831
0.94424
0.944842
0.941685
0.910313
0.922507
0.905004
0.921569
0.906881
0.914665
0.975599
0.929311
0.938308
0.943655
0.945391
0.945509
0.965867
0.919065
0.935877
0.95727
0.941418
0.951122
0.915357
0.908914
0.97919
0.937255
0.892589
0.929966
0.928015
0.908531
0.975156
0.939025
0.922151
0.94647
0.90776
0.928806
0.926223
0.932876
0.888048
0.950494
0.875637
0.945036
0.896247
1.0181
0.861281
0.843504
0.883522
0.923948
0.922496
0.923594
0.947518
0.818121
0.925239
0.956031
0.905754
0.872651
0.833361
0.864957
0.847314
0.876537
0.890672
0.932575
0.867716
0.941862
0.895177
0.801244
0.898816
0.949541
0.882261
0.829082
0.8414
0.864324
0.870882
0.849002
0.897336
0.838961
0.939209
0.849849
0.896629
0.813505
0.914976
0.87696
0.881023
0.90212
0.914505
0.888955
0.90677
0.909993
0.901739
0.858409
0.838887
0.872919
0.85937
0.853325
0.937177
0.839314
0.928503
0.810325
0.905824
0.963766
0.885236
0.952892
0.845316
0.905045
0.943221
0.910746
0.904957
0.831398
0.86145
0.870188
0.84142
0.899639
0.913094
0.863741
0.970149
0.854362
0.909891
0.907857
0.882179
0.86455
0.911914
0.889974
0.861553
0.886208
0.784456
0.849209
0.852915
0.885777
0.870897
0.858003
0.891933
0.845113
0.872557
0.81209
0.866786
0.906516
0.923238
0.949603
0.940599
0.97281
0.837758
0.894571
0.811619
0.927078
0.886773
0.941068
0.724876
0.776658
0.862674
0.940862
0.827455
0.922903
0.954207
0.9451
0.80428
0.87578
0.931316
0.963965
0.867695
0.93043
0.86369
0.884052
0.826931
0.807991
0.935393
0.858118
0.848402
0.870892
0.898399
0.848638
0.935823
0.793891
0.856482
0.898049
0.832874
0.991573
0.918939
0.934021
0.924675
0.898118
0.797102
0.889039
0.926762
0.878384
0.918086
0.854001
0.840007
0.948671
0.879929
0.907429
0.898004
0.892799
0.833853
0.785703
0.871854
0.863416
0.804941
0.910658
0.892023
0.887971
0.868878
0.902969
0.881156
0.872321
0.873295
0.849354
0.911476
0.879709
0.874119
0.918556
0.863663
0.906749
0.82006
0.866422
0.911267
0.880004
0.864139
0.855982
0.833646
0.923085
0.851479
0.937693
0.839155
0.90597
0.931011
0.816197
0.937356
0.895547
0.861588
0.905322
0.886337
0.797079
0.912577
0.864304
0.925901
0.840362
0.812211
0.81298
0.831355
0.9844
0.838203
0.861805
0.87283
0.920851
0.879754
0.832621
0.818084
0.857834
0.851909
0.945314
0.802243
0.845119
0.924739
0.919374
0.90639
0.815856
0.917077
0.841488
0.85983
0.875759
0.90373
0.836124
0.867531
0.972761
0.956099
0.833484
0.936043
0.798544
0.726421
0.951772
0.812273
0.884941
0.845955
0.909765
0.931596
0.830448
0.919502
0.868136
0.836758
0.866211
0.915428
0.796454
0.864026
0.817433
0.910756
0.89037
0.760369
0.872538
0.916746
0.830324
0.889786
0.880816
0.882151
0.846713
0.839618
0.862183
0.862671
0.835605
0.833937
0.849627
0.894061
0.907907
0.866882
0.828992
0.848138
0.862858
0.877508
0.795261
0.874804
0.904667
0.794737
0.838862
0.890099
0.739695
0.882977
0.84751
0.863888
0.864469
0.843497
0.866506
0.886626
0.816831
0.815477
0.806692
0.872378
0.868899
0.868455
0.857153
0.919421
0.855437
0.899179
0.965967
0.877428
0.851808
0.945106
0.810991
0.852654
0.845197
0.858509
0.902872
0.88939
0.89586
0.905798
0.832231
0.891581
0.914884
0.896445
0.821829
0.848257
0.911351
0.868393
0.904731
0.986686
0.864188
0.920438
0.900812
0.832237
0.866191
0.840241
0.914188
0.798963
0.833575
0.838726
0.857619
0.876495
0.897825
0.905042
0.796045
0.778887
0.857539
0.820518
0.867228
0.82108
0.864336
0.904298
0.872979
0.825966
0.827739
0.930473
0.858374
0.756614
0.800503
0.799905
0.88903
0.787528
0.810284
0.83966
0.852442
0.763729
0.849855
0.854083
0.926268
0.889829
0.88215
0.846797
0.848444
0.898851
0.907574
0.900475
0.887449
0.905556
0.865767
0.82168
0.908635
0.899918
0.894281
0.837403
0.836019
0.83336
0.861372
0.810466
0.860255
0.848638
0.784175
0.839143
0.828902
0.938217
0.867108
0.856121
0.878567
0.826056
0.8069
0.859265
0.940287
0.889379
0.90682
0.851848
0.868811
0.88352
0.894172
0.951633
0.867639
0.842918
0.794387
0.880797
0.949583
0.781622
0.893269
0.858098
0.823765
0.914773
0.83894
0.849864
0.887127
0.882068
0.931405
0.904483
0.884747
0.850576
0.811699
0.865433
0.868746
0.863638
0.797958
0.856411
0.860053
0.876016
0.824942
0.919897
0.797929
0.917223
0.920859
0.858095
0.855688
0.851216
0.790196
0.950925
0.973561
0.844329
0.873612
0.818109
0.8332
0.892205
0.919904
0.881703
0.760945
0.891561
0.933714
0.810481
0.9109
0.885102
0.843541
0.837851
0.911427
0.80941
0.857198
0.847114
0.840722
0.739104
0.913661
0.848604
0.917278
0.794616
0.842408
0.840784
0.875247
0.809357
0.835125
0.902065
0.845977
0.896542
0.880213
0.930542
0.871145
0.795801
0.910767
0.849615
0.904737
0.928604
0.852314
0.911593
0.859883
0.845388
0.890604
0.79559
0.90241
0.980181
0.904735
0.837583
0.890241
0.800366
0.88386
0.865169
0.835608
0.857058
0.900241
0.862098
0.94725
0.879687
0.929689
0.795918
0.875117
0.894198
0.847238
0.84132
0.815027
0.833982
0.921939
0.877156
0.877423
0.818823
0.844188
0.858714
0.765965
0.880603
0.857472
0.981933
0.901425
0.833985
0.89205
0.912087
0.818674
0.777115
0.916029
0.846289
0.893387
0.830386
0.795102
0.89482
0.862111
0.946691
0.863876
0.890422
0.843266
0.845707
0.857216
0.749497
0.883622
0.826291
0.825126
0.857243
0.89817
0.93176
0.805591
0.885671
0.942631
0.82815
0.786816
0.880593
0.751854
0.861272
0.877038
0.946677
0.920021
0.952903
0.844918
0.918824
0.823588
0.946771
0.831323
0.831217
0.943152
0.851237
0.870455
0.850047
0.90992
0.883914
0.880203
0.861898
0.898306
0.79122
0.906333
0.969019
0.845343
0.903373
0.867093
0.867674
0.776678
0.841097
0.836104
0.931186
0.879961
0.894699
0.978164
0.923438
0.746501
0.86935
0.858423
0.872518
0.830154
0.89285
0.880219
0.844336
0.9042
0.898892
0.855676
0.833731
0.832532
0.807935
0.812645
0.830658
0.822705
0.897579
0.88576
0.847639
0.933567
0.863295
0.772965
0.880999
0.866511
0.88573
0.994679
0.899922
0.794557
0.820228
0.874842
0.790322
0.86712
0.717081
0.896861
0.970812
0.867657
0.86422
0.859164
0.870691
0.903326
0.873298
0.96835
0.844456
0.868259
0.775504
0.815545
0.892103
0.844515
0.922633
0.840585
0.87113
0.875135
0.920096
0.899586
0.751168
0.778072
0.860402
0.835558
0.852498
0.894646
0.876477
0.873093
0.915619
0.896331
0.916366
0.847211
0.813265
0.868823
0.745177
0.826504
0.945896
0.850029
0.895069
0.853213
0.805133
0.896351
0.848966
0.837993
0.862798
0.930639
0.990182
0.8225
0.865673
0.896812
0.835347
0.821764
0.991269
0.920158
0.915092
0.853438
0.868338
0.801076
0.83702
0.901824
0.826967
0.800464
0.828458
0.870652
0.90202
0.746345
0.862919
0.813109
0.900771
0.904136
0.87198
0.83945
0.874452
0.830588
0.858813
0.881161
0.926146
0.867606
0.926069
0.870992
0.792827
0.741845
0.88848
0.758736
0.850626
0.889295
0.87609
0.822479
0.880037
0.889587
0.890891
0.88704
0.957164
0.801109
0.818678
0.904822
0.857751
0.862536
0.884658
0.893539
0.8036
0.888803
0.83072
0.826711
0.95255
0.970722
0.869071
0.93349
0.886644
0.847416
0.941568
0.840619
0.974036
0.902493
0.874674
0.804791
0.782613
0.855596
0.837286
0.900822
0.890665
0.858334
0.77361
0.874984
0.912017
0.817586
0.758339
0.86053
0.847278
0.817084
0.866439
0.792471
0.844053
0.829759
0.877104
0.869633
0.877301
0.892131
0.866463
0.870274
0.877802
0.803508
0.862743
0.884919
0.844229
0.836429
0.850597
0.826861
0.911919
0.912574
0.903693
0.812482
0.918768
0.918534
0.856504
0.915681
0.883924
0.882131
0.832029
0.91221
0.812135
0.864966
0.879836
0.866149
0.918297
0.900104
0.855656
0.938493
0.863436
0.883367
0.940444
0.886001
0.806584
0.873191
0.954459
0.860613
0.929534
0.800458
0.842835
0.828916
0.779334
0.890572
0.839757
0.97598
0.892851
0.834099
0.880546
0.923818
0.859192
0.833601
0.816213
0.848273
0.934232
0.883257
0.869779
0.855282
0.90937
0.886266
0.848379
0.909615
0.89169
0.892895
0.866167
0.84559
0.940491
0.845124
0.792621
0.872869
0.890805
0.866362
0.846286
0.849029
0.874531
0.821341
0.836693
0.897935
0.896786
0.892297
0.864785
0.82951
0.840871
0.838214
0.845962
0.888519
0.819131
0.855786
0.917671
0.901087
0.841637
0.889501
0.877674
0.895981
0.930829
0.855638
0.90375
0.896999
0.871498
0.82287
0.916104
0.877762
0.877749
0.866738
0.800237
0.919299
0.861289
0.918559
0.880722
0.975836
0.872102
0.88938
0.914319
0.850477
0.858534
0.802949
0.904423
0.890739
0.895284
0.882732
0.824291
0.892379
0.846326
0.799886
0.92181
0.886501
0.88861
0.859452
0.888774
0.920511
0.931986
0.80247
0.848132
0.852888
0.834224
0.931253
0.808683
0.873836
0.84274
0.828134
0.865391
0.876365
0.897345
0.850895
0.826113
0.839752
0.882449
0.816248
0.855668
0.8169
0.869383
0.959104
0.868487
0.848957
0.869671
0.908958
0.859328
0.807106
0.818869
0.915936
0.885554
0.880039
0.793013
0.89157
0.881084
0.953131
0.848629
0.883483
0.87749
0.819016
1.00329
0.888472
0.751711
0.768283
0.834639
0.812597
0.923875
0.826168
0.792524
0.854143
0.869406
0.850727
0.881553
0.923247
0.932379
0.906139
0.883748
0.933276
0.879767
0.790605
0.871952
0.821815
0.858781
0.759721
0.780697
0.881817
0.877054
0.797881
0.860951
0.783566
0.908932
0.921675
0.893464
0.978792
0.792126
0.862994
0.871764
0.918174
0.858058
0.902723
0.83337
0.778975
0.943649
0.815212
0.817984
0.736686
0.913096
0.809882
0.872579
0.885425
0.907002
0.817435
0.857742
0.875134
0.939229
0.879041
0.887793
0.851883
0.818746
0.808817
0.863576
0.885359
0.822964
0.765031
0.876761
0.839489
0.87648
0.881825
0.875339
0.887059
0.858727
0.987213
0.853594
0.934685
0.838614
0.895191
0.858792
0.945826
0.878824
0.973919
0.899048
0.870075
0.972454
0.885824
0.831781
0.877407
0.888377
0.85581
0.891944
0.827056
0.885095
0.882715
0.845835
0.840958
0.84385
0.900801
0.839798
0.941556
0.877442
0.868605
0.810719
0.812084
0.830196
0.839557
0.839612
0.777006
0.875277
0.834468
0.832007
0.819694
0.798635
0.882618
0.916579
0.892353
0.862154
0.867039
0.856099
0.874425
0.904049
0.944452
0.95276
0.888043
0.913483
0.85892
0.858893
0.814078
0.87573
0.872301
0.911173
0.839469
0.814468
0.894039
0.873021
0.902145
0.923305
0.870325
0.84824
0.924361
0.900778
0.821302
0.879325
0.833004
0.857324
0.842402
0.907638
0.862754
0.917801
0.852532
0.93153
0.839124
0.840236
0.810592
0.860686
0.879042
0.871495
0.848639
0.938422
0.823228
0.855734
0.941869
0.809978
0.812874
0.898076
0.91539
0.892867
0.883979
0.891976
0.954026
0.823092
0.839695
0.834264
0.868713
0.88267
0.900834
0.92952
0.831804
0.845107
0.888819
0.871325
0.841517
0.832825
0.84028
0.968645
0.878171
0.821751
0.812338
0.863689
0.868698
0.926048
0.904823
0.832704
0.870527
0.867719
0.837569
0.926136
0.851617
0.852143
0.794893
0.906824
0.833301
0.782958
0.951426
0.838913
0.834934
0.806736
0.852534
0.889891
0.9325
0.906131
0.893719
0.850808
0.801246
0.935332
0.883641
0.88434
0.898779
0.902591
0.854983
0.904638
0.737489
0.931641
0.843772
0.885372
0.889986
0.853351
0.827991
0.868141
0.878785
0.778302
0.865916
0.888184
0.797108
0.961441
0.942449
0.846161
0.910132
0.923883
0.881141
0.830133
0.810067
0.904609
0.860066
0.791066
0.810893
0.849108
0.915648
0.915164
0.852553
0.867441
0.824564
0.82933
0.841092
0.897128
0.932962
0.861056
0.874259
0.909551
0.918315
0.884478
0.848011
0.898226
0.850722
0.88734
0.844783
0.830613
0.870767
0.897503
0.864793
0.828986
0.864502
0.855861
0.872934
0.831681
0.986823
0.787395
0.847754
0.850901
0.832871
0.842236
0.763769
0.871839
0.885029
0.889982
0.826937
0.83638
0.876747
0.864085
0.782566
0.897072
0.8866
0.908067
0.933626
0.954256
0.858325
0.871227
0.909112
0.902745
0.882596
0.880145
0.837915
0.823427
0.894421
0.914066
0.860855
0.930155
0.815844
0.902432
0.905788
0.876114
0.849973
0.773742
0.883159
0.803304
0.896415
0.913031
0.891955
0.890176
0.921202
0.902235
0.885802
0.89552
0.991063
0.810536
0.925127
0.926754
0.91383
0.882014
0.866921
0.906007
0.920997
0.84617
0.863519
0.847474
0.832474
0.832359
0.837241
0.807003
0.907702
0.847723
0.898073
0.845682
0.871309
0.891948
0.829421
0.83979
0.847907
0.877392
0.88891
0.8233
0.974198
0.831899
0.834631
0.822606
0.834558
0.883564
0.90892
0.836264
0.7804
0.873044
0.847742
0.922048
0.856071
0.913128
0.867535
0.935192
0.922454
0.894397
0.808665
0.856414
0.83075
0.804837
0.898376
0.858835
0.898589
0.873808
0.835896
0.96981
0.888083
0.829063
0.879095
0.870433
0.855391
0.851253
0.900346
0.902613
0.825948
0.91575
0.861222
0.898338
0.866632
0.909437
0.776562
0.915553
0.828103
0.810592
0.953373
0.926845
0.836157
0.807781
0.895308
0.817235
0.804874
0.791512
0.987388
0.883259
0.889685
0.822495
0.911075
0.908066
0.872004
0.895824
0.840804
0.835088
0.850816
0.962089
0.838591
0.8835
0.787851
0.900042
0.870114
0.891757
0.906165
0.868726
0.881488
0.895143
0.911652
0.823514
0.886872
0.849211
0.887132
0.91942
0.789416
0.790091
0.905962
0.887052
0.862349
0.786779
0.878336
0.88083
0.911794
0.872912
0.843817
0.810859
0.853357
0.875312
0.82017
0.818527
0.935516
0.935391
0.862893
0.908258
0.780581
0.918662
0.859396
0.917764
0.965567
0.937744
0.824507
0.952952
0.759684
0.935474
0.843513
0.90455
0.899858
0.849297
0.88605
0.948946
0.826025
0.808316
0.913725
0.839486
0.806534
0.903077
0.857885
0.794606
0.810117
0.916545
0.893559
0.871875
0.796464
0.899721
0.919219
0.824916
0.840224
0.953939
0.93202
0.881991
0.889942
0.956191
0.806284
0.900066
0.898384
0.874227
0.75859
0.777781
0.877096
0.857991
0.882534
0.901899
0.895302
0.840427
0.849432
0.856003
0.861128
0.846868
0.912308
0.861401
0.871059
0.853656
0.936668
0.814119
0.9057
0.894352
0.858102
0.899301
0.902766
0.866523
0.782159
0.817419
0.918663
0.811118
0.921773
0.872835
0.843378
0.936099
0.912423
0.767947
0.858794
0.880054
0.813963
0.905214
0.945885
0.832283
0.85218
0.882717
0.806986
0.838673
0.87694
0.895936
0.834729
0.85349
0.852618
0.910706
0.846032
0.918929
0.903674
0.868507
0.846975
0.825097
0.825911
0.908424
0.889154
0.856961
0.829622
0.843936
0.829974
0.914493
0.839093
0.77331
0.971458
0.83841
0.821872
0.872505
0.886588
0.898503
0.888399
0.882557
0.82019
0.874752
0.927283
0.800875
0.903014
0.867154
0.929008
0.81458
0.846925
0.846132
0.813778
0.89186
0.91113
0.850483
0.898615
0.847866
0.886033
0.783881
0.819082
0.906734
0.875811
0.88348
0.828395
0.874796
0.850082
0.850038
0.754689
0.835807
0.929861
0.832038
0.944806
0.879708
0.789919
0.811399
0.873849
0.830375
0.84267
0.849554
0.861589
0.890395
0.896485
0.832904
0.887008
0.879104
0.850302
0.894023
0.837521
0.863047
0.925553
0.832692
0.909337
0.822774
0.847922
0.808978
0.820954
0.871298
0.832181
0.876425
0.905206
0.831652
0.899273
0.942459
0.893084
0.820595
0.928709
0.887725
0.910098
0.926223
0.942781
0.938021
0.892908
0.831621
0.902635
0.82049
0.861398
0.801331
0.788613
0.858733
0.76896
0.906657
0.886386
0.887047
0.897273
0.855369
0.92866
0.855554
0.845467
0.900028
0.85897
0.906218
0.983423
0.923402
0.836178
0.890061
0.84233
0.872258
0.840684
0.79401
0.896379
0.829273
0.902331
0.820852
0.9359
0.82605
0.776967
0.891694
0.867384
0.904039
0.82026
0.902985
0.900868
0.883928
0.82828
0.758439
0.875053
0.949778
0.785654
0.89412
0.819409
0.869093
0.85576
0.820805
0.871754
0.911437
0.863991
0.971328
0.903528
0.911949
0.899715
0.900203
0.916259
0.883488
0.956121
0.854998
0.889689
0.876179
0.86137
0.818257
0.851728
0.89768
0.928697
0.850914
0.856245
0.905503
0.847519
0.880563
0.890672
0.894656
0.821209
0.901993
0.877447
0.867504
0.825677
0.865991
0.871454
0.824682
0.842933
0.879193
0.844539
0.889563
0.876459
