-0.534582
-0.534468
-0.526479
-0.522887
-0.513863
-0.506042
-0.502981
-0.494702
-0.495687
-0.497561
-0.492813
-0.490376
-0.493016
-0.496104
-0.495521
-0.494531
-0.495132
-0.50043
-0.501097
-0.506619
-0.504511
-0.506973
-0.510419
-0.513858
-0.514899
-0.518552
-0.522548
-0.523971
-0.523943
-0.526981
-0.530355
-0.53262
-0.534513
-0.537565
-0.53911
-0.542759
-0.547123
-0.550543
-0.553212
-0.55527
-0.559033
-0.56166
-0.565225
-0.566286
-0.568669
-0.571201
-0.572973
-0.575967
-0.578049
-0.580014
-0.581943
-0.58378
-0.58459
-0.586404
-0.587971
-0.590309
-0.592496
-0.59447
-0.596667
-0.598453
-0.600408
-0.602669
-0.604564
-0.607215
-0.609211
-0.611975
-0.614494
-0.61716
-0.619206
-0.620969
-0.62248
-0.624814
-0.627035
-0.628479
-0.629956
-0.631511
-0.633576
-0.635112
-0.636526
-0.637833
-0.639053
-0.640486
-0.642146
-0.643496
-0.644703
-0.646323
-0.647905
-0.648962
-0.649751
-0.651166
-0.652871
-0.653952
-0.655203
-0.656598
-0.657838
-0.659204
-0.660971
-0.662114
-0.663076
-0.664013
-0.666767
-0.668895
-0.671771
-0.6748
-0.677771
-0.681396
-0.684535
-0.687998
-0.690923
-0.6937
-0.697218
-0.700678
-0.703446
-0.706206
-0.709234
-0.712351
-0.715029
-0.716916
-0.719793
-0.721462
-0.725239
-0.727523
-0.729674
-0.731681
-0.734096
-0.736183
-0.737777
-0.739883
-0.742701
-0.74442
-0.745912
-0.747726
-0.750084
-0.75159
-0.75411
-0.755645
-0.757063
-0.758141
-0.758992
-0.760593
-0.761454
-0.762884
-0.764129
-0.766316
-0.767482
-0.768919
-0.77027
-0.770919
-0.772623
-0.77451
-0.775335
-0.776769
-0.779013
-0.780313
-0.781762
-0.782454
-0.783588
-0.784587
-0.785432
-0.787298
-0.788016
-0.788895
-0.78986
-0.790138
-0.790813
-0.79096
-0.791354
-0.791749
-0.792569
-0.793295
-0.794204
-0.794216
-0.794936
-0.795664
-0.796239
-0.796892
-0.797123
-0.797768
-0.79821
-0.799236
-0.800248
-0.800481
-0.801025
-0.802322
-0.803154
-0.803235
-0.80369
-0.804167
-0.805183
-0.80549
-0.805791
-0.807072
-0.807831
-0.808123
-0.808851
-0.808933
-0.808589
-0.809528
-0.809883
-0.810559
-0.810939
-0.811688
-0.81181
-0.811412
-0.812358
-0.812447
-0.813096
-0.813413
-0.81358
-0.814042
-0.814832
-0.814775
-0.815216
-0.815359
-0.815695
-0.815663
-0.816637
-0.817222
-0.818242
-0.818618
-0.818624
-0.81894
-0.81926
-0.820212
-0.821083
-0.821195
-0.821546
-0.822966
-0.823414
-0.824243
-0.824835
-0.82519
-0.825543
-0.826325
-0.825802
-0.825541
-0.825177
-0.826033
-0.827268
-0.827308
-0.827629
-0.828298
-0.829042
-0.829234
-0.829883
-0.830117
-0.830405
-0.831443
-0.831125
-0.830807
-0.831665
-0.832517
-0.832804
-0.833497
-0.833371
-0.833448
-0.833824
-0.834278
-0.834864
-0.834162
-0.83452
-0.834468
-0.834542
-0.834903
-0.835777
-0.83603
-0.836888
-0.837219
-0.837386
-0.837682
-0.838694
-0.839266
-0.839433
-0.839769
-0.840258
-0.84066
-0.841506
-0.842137
-0.842492
-0.842738
-0.842437
-0.843008
-0.843125
-0.843451
-0.843972
-0.844722
-0.844808
-0.845078
-0.844688
-0.845462
-0.8462
-0.846459
-0.846208
-0.84638
-0.846661
-0.847488
-0.848336
-0.847562
-0.847901
-0.848309
-0.848444
-0.848848
-0.850535
-0.851232
-0.851253
-0.851571
-0.851332
-0.851618
-0.852153
-0.853062
-0.854264
-0.85504
-0.855174
-0.855578
-0.856444
-0.857649
-0.85815
-0.858164
-0.857494
-0.858245
-0.858565
-0.858888
-0.859546
-0.859877
-0.860058
-0.860247
-0.860613
-0.860322
-0.860977
-0.861205
-0.861576
-0.861976
-0.861958
-0.86204
-0.862962
-0.863243
-0.864379
-0.865097
-0.866085
-0.866953
-0.86757
-0.867785
-0.86752
-0.867909
-0.86899
-0.869673
-0.871214
-0.871375
-0.872332
-0.872907
-0.87362
-0.873604
-0.873766
-0.873988
-0.874736
-0.875722
-0.875959
-0.876319
-0.877092
-0.877593
-0.878309
-0.879368
-0.880919
-0.881591
-0.881839
-0.882255
-0.881545
-0.881545
-0.882222
-0.882741
-0.883141
-0.883948
-0.884281
-0.885052
-0.885255
-0.885911
-0.885899
-0.886595
-0.887097
-0.888098
-0.889198
-0.890524
-0.890908
-0.890528
-0.890935
-0.891075
-0.891145
-0.891795
-0.892615
-0.892886
-0.892588
-0.892248
-0.893549
-0.893905
-0.89411
-0.894025
-0.894441
-0.895636
-0.896555
-0.897825
-0.898916
-0.899764
-0.898181
-0.898918
-0.899586
-0.900469
-0.901229
-0.902448
-0.902895
-0.902524
-0.901481
-0.901855
-0.902635
-0.903396
-0.903529
-0.903621
-0.903821
-0.905242
-0.906346
-0.906475
-0.906991
-0.908497
-0.90846
-0.907836
-0.908463
-0.908635
-0.908181
-0.907997
-0.908174
-0.908312
-0.908934
-0.909773
-0.909664
-0.910122
-0.91072
-0.911578
-0.911731
-0.911108
-0.9108
-0.911569
-0.910584
-0.91036
-0.910361
-0.910929
-0.910734
-0.910805
-0.910239
-0.910379
-0.910549
-0.911541
-0.911593
-0.911463
-0.911113
-0.911002
-0.911002
-0.911652
-0.912078
-0.91243
-0.91264
-0.911928
-0.912474
-0.912349
-0.911916
-0.912168
-0.912824
-0.912869
-0.914217
-0.914716
-0.915288
-0.91541
-0.91566
-0.915025
-0.914901
-0.915504
-0.916577
-0.916321
-0.916567
-0.916495
-0.916836
-0.916984
-0.917175
-0.917069
-0.917657
-0.918688
-0.91899
-0.91985
-0.920317
-0.921827
-0.922553
-0.923247
-0.924297
-0.924653
-0.924237
-0.924067
-0.925359
-0.925812
-0.925639
-0.925642
-0.925754
-0.925755
-0.925771
-0.925908
-0.927103
-0.927138
-0.926935
-0.927161
-0.927389
-0.927821
-0.928367
-0.928364
-0.929278
-0.929187
-0.928685
-0.928713
-0.928322
-0.92891
-0.929073
-0.928906
-0.929031
-0.929247
-0.929
-0.928802
-0.929158
-0.930072
-0.929635
-0.930393
-0.931245
-0.932461
-0.932487
-0.932793
-0.932175
-0.932049
-0.933377
-0.933046
-0.932878
-0.932652
-0.932635
-0.933177
-0.933096
-0.933024
-0.934032
-0.935112
-0.936009
-0.935469
-0.935537
-0.935108
-0.935168
-0.93542
-0.935298
-0.934834
-0.93515
-0.936046
-0.937222
-0.938266
-0.939657
-0.939964
-0.940484
-0.940863
-0.94144
-0.942366
-0.942571
-0.943394
-0.943799
-0.944156
-0.942901
-0.944171
-0.944281
-0.944921
-0.944618
-0.944946
-0.944462
-0.945184
-0.945332
-0.944883
-0.944697
-0.945654
-0.946171
-0.946447
-0.947311
-0.947501
-0.947715
-0.948116
-0.94833
-0.948754
-0.948624
-0.94855
-0.949488
-0.949003
-0.94947
-0.949402
-0.948578
-0.949358
-0.9507
-0.952031
-0.951701
-0.951878
-0.952672
-0.953374
-0.954228
-0.953961
-0.954388
-0.955134
-0.955335
-0.955762
-0.955772
-0.955632
-0.956643
-0.956528
-0.9565
-0.957096
-0.957486
-0.958548
-0.958721
-0.959089
-0.960385
-0.960499
-0.960087
-0.959827
-0.959749
-0.960698
-0.961317
-0.961377
-0.962151
-0.96221
-0.962451
-0.962562
-0.962385
-0.962133
-0.962707
-0.963439
-0.964046
-0.9642
-0.964215
-0.964644
-0.964936
-0.965364
-0.966351
-0.967165
-0.968358
-0.968044
-0.969148
-0.969006
-0.96851
-0.969317
-0.969747
-0.970845
-0.971387
-0.971562
-0.971926
-0.972194
-0.971886
-0.971907
-0.972144
-0.971435
-0.971155
-0.970897
-0.97076
-0.970748
-0.970344
-0.971506
-0.971904
-0.972185
-0.9717
-0.972247
-0.973033
-0.972701
-0.972997
-0.973013
-0.973325
-0.973458
-0.97351
-0.973934
-0.974014
-0.974029
-0.974609
-0.974975
-0.975265
-0.975932
-0.975465
-0.974977
-0.975715
-0.976084
-0.976585
-0.97595
-0.976224
-0.976852
-0.977077
-0.976573
-0.976509
-0.977131
-0.977566
-0.978045
-0.977659
-0.97781
-0.977719
-0.978114
-0.978097
-0.979129
-0.978421
-0.978477
-0.978289
-0.977929
-0.978066
-0.978755
-0.978381
-0.978588
-0.978051
-0.978393
-0.978731
-0.979026
-0.978458
-0.978535
-0.979413
-0.97903
-0.978912
-0.978966
-0.97972
-0.980493
-0.98142
-0.981406
-0.981935
-0.981943
-0.982126
-0.983026
-0.983856
-0.984326
-0.985659
-0.98608
-0.986305
-0.986071
-0.986621
-0.987302
-0.987249
-0.98751
-0.987633
-0.988805
-0.98812
-0.987791
-0.987555
-0.987931
-0.987734
-0.987864
-0.988643
-0.989149
-0.989192
-0.989433
-0.989823
-0.989782
-0.990212
-0.990799
-0.99083
-0.99147
-0.991472
-0.992395
-0.992561
-0.992844
-0.993394
-0.993693
-0.993658
-0.993814
-0.994174
-0.993363
-0.994034
-0.993371
-0.993765
-0.994372
-0.993487
-0.994191
-0.994344
-0.994658
-0.994793
-0.995295
-0.996075
-0.99717
-0.996918
-0.996814
-0.996921
-0.996323
-0.997174
-0.997646
-0.996872
-0.996025
-0.995408
-0.99595
-0.996341
-0.99577
-0.995288
-0.995942
-0.996306
-0.995873
-0.996196
-0.99581
-0.995593
-0.995374
-0.995342
-0.99529
-0.995209
-0.994349
-0.995228
-0.995666
-0.996055
-0.99639
-0.997035
-0.99642
-0.997834
-0.99844
-0.998635
-0.998612
-0.998373
-0.998702
-0.999148
-0.99806
-0.99816
-0.998623
-0.99842
-0.998681
-0.998669
-0.998549
-0.998522
-0.998802
-0.998691
-0.998873
-0.998694
-0.998805
-0.999295
-0.999325
-0.999156
-0.998975
-0.99846
-0.998621
-0.999024
-0.999462
-0.999976
-1.00049
-1.00096
-1.00076
-1.00164
-1.00199
-1.00156
-1.0021
-1.00202
-1.00211
-1.00212
-1.00222
-1.00253
-1.00259
-1.00276
-1.00339
-1.00304
-1.00312
-1.00424
-1.00362
-1.00361
-1.00355
-1.00365
-1.00405
-1.00396
-1.00404
-1.00443
-1.0043
-1.00406
-1.00509
-1.00512
-1.00557
-1.00586
-1.00506
-1.00573
-1.00536
-1.00596
-1.00618
-1.00679
-1.00673
-1.00672
-1.00637
-1.00688
-1.00696
-1.00678
-1.00713
-1.00635
-1.00654
-1.00727
-1.00753
-1.00848
-1.0079
-1.00835
-1.00867
-1.0094
-1.00963
-1.00975
-1.00974
-1.01022
-1.01044
-1.01094
-1.01131
-1.01175
-1.01256
-1.01335
-1.01314
-1.01301
-1.01308
-1.0127
-1.01237
-1.01256
-1.01297
-1.01294
-1.01198
-1.01227
-1.01251
-1.01334
-1.0139
-1.01406
-1.01473
-1.01518
-1.01578
-1.01611
-1.0162
-1.01677
-1.01667
-1.01641
-1.01608
-1.01592
-1.01575
-1.0157
-1.01549
-1.01534
-1.01515
-1.01563
-1.01587
-1.01634
-1.01646
-1.0161
-1.01574
-1.01586
-1.01607
-1.01605
-1.01602
-1.01521
-1.01514
-1.01608
-1.01646
-1.01666
-1.01718
-1.01718
-1.0173
-1.01712
-1.01745
-1.01743
-1.01768
-1.01817
-1.01783
-1.01753
-1.01784
-1.01807
-1.01827
-1.01818
-1.01798
-1.01792
-1.01792
-1.01808
-1.01836
-1.01866
-1.01844
-1.01859
-1.01902
-1.01941
-1.01991
-1.01989
-1.01992
-1.01975
-1.01948
-1.01961
-1.01991
-1.02028
-1.02061
-1.02041
-1.01997
-1.02055
-1.02068
-1.02071
-1.02109
-1.02074
-1.02137
-1.02118
-1.02185
-1.02192
-1.02162
-1.02157
-1.02195
-1.02198
-1.02237
-1.02201
-1.0222
-1.02207
-1.02228
-1.02211
-1.02206
-1.02185
-1.02249
-1.02249
-1.02245
-1.02288
-1.02312
-1.02256
-1.02289
-1.02277
-1.02364
-1.02381
-1.0236
-1.02336
-1.02271
-1.02299
-1.02373
-1.02367
-1.02345
-1.02369
-1.02387
-1.02368
-1.02396
-1.0239
-1.02381
-1.0245
-1.025
-1.02476
-1.0242
-1.02442
-1.02543
-1.02512
-1.02523
-1.02535
-1.02515
-1.02553
-1.02553
-1.02544
-1.02562
-1.02551
-1.02543
-1.02624
-1.02676
-1.02635
-1.02617
-1.02682
-1.02681
-1.02701
-1.02713
-1.02747
-1.02726
-1.02727
-1.02695
-1.0273
-1.02777
-1.02795
-1.0282
-1.02842
-1.02845
-1.02895
-1.02923
-1.02924
-1.02936
-1.02957
-1.02954
-1.02933
-1.02939
-1.02958
-1.02916
-1.02919
-1.02943
-1.02967
-1.02999
-1.02998
-1.0303
-1.03037
-1.03004
-1.03006
-1.03044
-1.03093
-1.03187
-1.03125
-1.03134
-1.03217
-1.03228
-1.03252
-1.03242
-1.03223
-1.03213
-1.03201
-1.03283
-1.03299
-1.03263
-1.03277
-1.03292
-1.03355
-1.0333
-1.03353
-1.03356
-1.03359
-1.03378
-1.03382
-1.03391
-1.03401
-1.0343
-1.03415
-1.03443
-1.03471
-1.03449
-1.03467
-1.03486
-1.03483
-1.03505
-1.03497
-1.03467
-1.03455
-1.03417
-1.03422
-1.03419
-1.03432
-1.03409
-1.03401
-1.03389
-1.03437
-1.0349
-1.03445
-1.03422
-1.03498
-1.03541
-1.03516
-1.03476
-1.03491
-1.03515
-1.03518
-1.03541
-1.03553
-1.03588
-1.03559
-1.03557
-1.03602
-1.0358
-1.03569
-1.03533
-1.03517
-1.03483
-1.03468
-1.03448
-1.03459
-1.03444
-1.03457
-1.03471
-1.03482
-1.03515
-1.03502
-1.03484
-1.03493
-1.03457
-1.03423
-1.03405
-1.03368
-1.03386
-1.03387
-1.03425
-1.03424
-1.03442
-1.0346
-1.03464
-1.03479
-1.03501
-1.03485
-1.03486
-1.03528
-1.03531
-1.0353
-1.03568
-1.03566
-1.03583
-1.03603
-1.03578
-1.03559
-1.03514
-1.03516
-1.03534
-1.03544
-1.03493
-1.03525
-1.03535
-1.03594
-1.03667
-1.03693
-1.03699
-1.0369
-1.03712
-1.03722
-1.03673
-1.03655
-1.03662
-1.03638
-1.03624
-1.03642
-1.03615
-1.03676
-1.03659
-1.0366
-1.03666
-1.03697
-1.03688
-1.0368
-1.037
-1.03717
-1.03683
-1.03662
-1.03664
-1.03683
-1.0375
-1.03712
-1.03715
-1.03719
-1.03741
-1.03715
-1.03735
-1.03762
-1.03787
-1.03781
-1.03747
-1.03787
-1.03875
-1.03874
-1.03928
-1.03913
-1.03902
-1.03928
-1.03937
-1.03976
-1.04007
-1.04016
-1.04009
-1.04054
-1.04058
-1.04061
-1.04108
-1.04117
-1.04131
-1.04154
-1.04176
-1.04194
-1.04211
-1.04204
-1.04194
-1.0417
-1.04179
-1.04205
-1.04172
-1.04173
-1.04195
-1.04218
-1.04294
-1.04325
-1.04329
-1.04376
-1.04322
-1.04367
-1.04349
-1.04324
-1.04333
-1.04335
-1.04341
-1.04331
-1.04382
-1.04393
-1.04392
-1.04395
-1.04372
-1.04384
-1.04387
-1.044
-1.04417
-1.04401
-1.04403
-1.04393
-1.04417
-1.04446
-1.04452
-1.04448
-1.04487
-1.04485
-1.04497
-1.04502
-1.04445
-1.04426
-1.04414
-1.04397
-1.04375
-1.04375
-1.04433
-1.04434
-1.04462
-1.04474
-1.04496
-1.04493
-1.04512
-1.04446
-1.04465
-1.04491
-1.04476
-1.04461
-1.04452
-1.04477
-1.04509
-1.04511
-1.04533
-1.04552
-1.0455
-1.04555
-1.04552
-1.04585
-1.04612
-1.0461
-1.0462
-1.04637
-1.0465
-1.04639
-1.04658
-1.04667
-1.04682
-1.0468
-1.04633
-1.04619
-1.0457
-1.0459
-1.04605
-1.0459
-1.04608
-1.04592
-1.04579
-1.04569
-1.04576
-1.04562
-1.04566
-1.04534
-1.04529
-1.04523
-1.04511
-1.04523
-1.04576
-1.04541
-1.04539
-1.0452
-1.04543
-1.04566
-1.04532
-1.04524
-1.04583
-1.04593
-1.04592
-1.04589
-1.0454
-1.04541
-1.04549
-1.04526
-1.04584
-1.04539
-1.04559
-1.04573
-1.04556
-1.04553
-1.04548
-1.0458
-1.04526
-1.04527
-1.04565
-1.04559
-1.04576
-1.04569
-1.04565
-1.04569
-1.0456
-1.04565
-1.04552
-1.04554
-1.04548
-1.04577
-1.04561
-1.04547
-1.0454
-1.04531
-1.04506
-1.04485
-1.04504
-1.04495
-1.04504
-1.04519
-1.04564
-1.04563
-1.04548
-1.04573
-1.0457
-1.04576
-1.04585
-1.04602
-1.0459
-1.04582
-1.04558
-1.04568
-1.04584
-1.04582
-1.04598
-1.0458
-1.04558
-1.04551
-1.04554
-1.04583
-1.04572
-1.04603
-1.046
-1.04611
-1.04599
-1.04592
-1.04582
-1.04588
-1.0455
-1.04561
-1.04543
-1.0454
-1.04529
-1.04496
-1.045
-1.04519
-1.04533
-1.0455
-1.0458
-1.04528
-1.04496
-1.04462
-1.04473
-1.04453
-1.04447
-1.04449
-1.04427
-1.04405
-1.04386
-1.04397
-1.04414
-1.04391
-1.04378
-1.04415
-1.04416
-1.04447
-1.04432
-1.04423
-1.04454
-1.04432
-1.04414
-1.04428
-1.04425
-1.04428
-1.0444
-1.04461
-1.04467
-1.04443
-1.04422
-1.04444
-1.0444
-1.04484
-1.04479
-1.04453
-1.04444
-1.04413
-1.0444
-1.04439
-1.04434
-1.04433
-1.0442
-1.04433
-1.0443
-1.04455
-1.04458
-1.04465
-1.04464
-1.04481
-1.04475
-1.04481
-1.04523
-1.04532
-1.04523
-1.04536
-1.04564
-1.04562
-1.0454
-1.04541
-1.04546
-1.04574
-1.04553
-1.04566
-1.04574
-1.0455
-1.04557
-1.04543
-1.04535
-1.04527
-1.0452
-1.04572
-1.0461
-1.04614
-1.04582
-1.04596
-1.04616
-1.04636
-1.04635
-1.04628
-1.04631
-1.04609
-1.04609
-1.046
-1.0461
-1.04633
-1.04638
-1.04645
-1.0465
-1.04644
-1.04663
-1.04647
-1.04662
-1.04657
-1.04668
-1.047
-1.04679
-1.04674
-1.04694
-1.04674
-1.04631
-1.04672
-1.04663
-1.047
-1.04708
-1.04731
-1.0473
-1.04722
-1.04741
-1.04811
-1.04826
-1.04814
-1.04814
-1.04809
-1.04796
-1.04788
-1.04787
-1.04788
-1.04797
-1.04788
-1.04769
-1.04779
-1.04779
-1.0479
-1.04793
-1.0479
-1.04791
-1.0477
-1.04794
-1.04828
-1.04814
-1.04836
-1.04839
-1.04805
-1.04809
-1.04829
-1.04849
-1.04863
-1.04875
-1.04902
-1.04897
-1.04919
-1.04915
-1.04914
-1.0492
-1.04897
-1.0489
-1.04888
-1.04917
-1.04909
-1.04917
-1.04901
-1.04868
-1.04873
-1.04889
-1.04855
-1.04845
-1.04856
-1.04873
-1.04885
-1.04896
-1.04884
-1.04846
-1.04825
-1.04824
-1.0484
-1.04858
-1.04886
-1.04892
-1.04901
-1.04936
-1.04912
-1.04917
-1.04903
-1.04934
-1.04934
-1.04921
-1.04936
-1.04917
-1.04923
-1.04924
-1.04923
-1.04907
-1.04888
-1.04895
-1.04892
-1.04903
-1.04905
-1.0488
-1.04886
-1.049
-1.04906
-1.04918
-1.04916
-1.04937
-1.04933
-1.04925
-1.04908
-1.04888
-1.04892
-1.04896
-1.04929
-1.04948
-1.04922
-1.04923
-1.04926
-1.04933
-1.04963
-1.0497
-1.04953
-1.04982
-1.05003
-1.05009
-1.05038
-1.05038
-1.05046
-1.05042
-1.05071
-1.05065
-1.05073
-1.05079
-1.0508
-1.05075
-1.05049
-1.05047
-1.05029
-1.05044
-1.0505
-1.0504
-1.05032
-1.05066
-1.05046
-1.05037
-1.05043
-1.05044
-1.05041
-1.0505
-1.05039
-1.05022
-1.04987
-1.04979
-1.04972
-1.0498
-1.04962
-1.04958
-1.04955
-1.04947
-1.04951
-1.04924
-1.04922
-1.04922
-1.04919
-1.04907
-1.04886
-1.04855
-1.04892
-1.0491
-1.04895
-1.04903
-1.04906
-1.04891
-1.0489
-1.04903
-1.04906
-1.04908
-1.04899
-1.04861
-1.04855
-1.0485
-1.04858
-1.04859
-1.04851
-1.04834
-1.04848
-1.04842
-1.04831
-1.04805
-1.04783
-1.04796
-1.04825
-1.04827
-1.0483
-1.0486
-1.04875
-1.04871
-1.04863
-1.0486
-1.04859
-1.04883
-1.04881
-1.04884
-1.04903
-1.04894
-1.04894
-1.04877
-1.04887
-1.04911
-1.04916
-1.04918
-1.04936
-1.04945
-1.04941
-1.04933
-1.04966
-1.04959
-1.04959
-1.04951
-1.04932
-1.04919
-1.0493
-1.04914
-1.04902
-1.04895
-1.04893
-1.049
-1.04889
-1.0491
-1.04886
-1.04708
-1.04639
-1.04638
-1.04644
-1.04635
-1.04634
-1.0464
-1.04653
-1.04665
-1.04673
-1.04656
-1.04661
-1.04665
-1.04684
-1.04638
-1.04625
-1.04631
-1.04645
-1.04644
-1.04664
-1.04669
-1.04706
-1.04708
-1.04684
-1.04709
-1.04665
-1.04656
-1.04651
-1.04673
-1.0467
-1.04661
-1.04671
-1.04693
-1.04707
-1.0468
-1.04689
-1.04718
-1.04713
-1.04705
-1.04705
-1.04702
-1.047
-1.04694
-1.04702
-1.04721
-1.04717
-1.04714
-1.0471
-1.04711
-1.04721
-1.04725
-1.04721
-1.04689
-1.04685
-1.04668
-1.04631
-1.04635
-1.04647
-1.04642
-1.04637
-1.04648
-1.04634
-1.04631
-1.04621
-1.04609
-1.04605
-1.04603
-1.04597
-1.04605
-1.0463
-1.04593
-1.046
-1.04599
-1.04602
-1.04596
-1.04605
-1.04619
-1.04603
-1.046
-1.04599
-1.04609
-1.04591
-1.04595
-1.04581
-1.04589
-1.04572
-1.04566
-1.04563
-1.04557
-1.04568
-1.04573
-1.04567
-1.04575
-1.04573
-1.04576
-1.0459
-1.04588
-1.04577
-1.04566
-1.04591
-1.0477
-1.04842
-1.04861
-1.0486
-1.04876
-1.04891
-1.04889
-1.04889
-1.04875
-1.0487
-1.04886
-1.04889
-1.04875
-1.04873
-1.04933
-1.04949
-1.04946
-1.04959
-1.04968
-1.04959
-1.04969
-1.04949
-1.04955
-1.04959
-1.04947
-1.05002
-1.05009
-1.05017
-1.05014
-1.05023
-1.05038
-1.05046
-1.05008
-1.05016
-1.05062
-1.05069
-1.0508
-1.05068
-1.05063
-1.05064
-1.05069
-1.05085
-1.0508
-1.05084
-1.05101
-1.05216
-1.05268
-1.05289
-1.05313
-1.05307
-1.05294
-1.05305
-1.05361
-1.05368
-1.05382
-1.05393
-1.05387
-1.05362
-1.054
-1.054
-1.05392
-1.05389
-1.05392
-1.054
-1.0545
-1.05438
-1.05422
-1.05412
-1.05414
-1.05396
-1.05432
-1.05431
-1.0542
-1.05425
-1.05427
-1.05408
-1.05411
-1.05447
-1.05451
-1.05459
-1.05471
-1.05501
-1.05501
-1.05514
-1.05524
-1.05537
-1.05572
-1.05565
-1.05575
-1.05586
-1.0559
-1.05578
-1.05574
-1.05573
-1.05573
-1.05566
-1.05561
-1.0558
-1.05578
-1.0555
-1.05551
-1.05555
-1.05531
-1.05527
-1.05528
-1.05525
-1.05526
-1.05549
-1.05543
-1.05543
-1.05529
-1.05526
-1.05528
-1.05499
-1.05494
-1.05483
-1.05493
-1.05488
-1.05477
-1.05473
-1.05496
-1.05501
-1.05499
-1.05449
-1.05458
-1.05466
-1.05468
-1.05476
-1.05481
-1.05474
-1.05479
-1.05473
-1.05522
-1.05514
-1.05513
-1.05524
-1.05502
-1.05517
-1.05513
-1.05545
-1.05525
-1.05501
-1.05511
-1.05499
-1.05489
-1.05384
-1.05339
-1.05352
-1.05346
-1.05351
-1.05362
-1.05365
-1.053
-1.05304
-1.05301
-1.05305
-1.05324
