-0.534582
-0.534354
-0.510502
-0.51211
-0.477767
-0.466937
-0.484615
-0.436751
-0.503564
-0.514425
-0.445339
-0.463565
-0.524694
-0.536245
-0.487358
-0.479683
-0.504761
-0.590495
-0.513089
-0.611547
-0.462343
-0.558691
-0.586229
-0.592952
-0.539878
-0.609879
-0.626439
-0.562385
-0.523175
-0.615072
-0.631587
-0.602818
-0.5951
-0.63827
-0.591634
-0.670479
-0.704241
-0.677078
-0.654619
-0.63555
-0.709548
-0.669386
-0.714955
-0.611889
-0.673519
-0.685128
-0.654497
-0.71669
-0.677974
-0.676319
-0.678371
-0.677493
-0.626717
-0.682554
-0.67256
-0.718924
-0.71494
-0.706997
-0.724103
-0.703794
-0.717722
-0.740616
-0.722035
-0.774241
-0.736944
-0.791638
-0.780718
-0.795822
-0.758353
-0.742565
-0.72826
-0.790532
-0.786944
-0.733881
-0.739242
-0.748137
-0.790563
-0.753387
-0.746786
-0.741066
-0.736681
-0.756525
-0.77834
-0.755477
-0.746153
-0.783999
-0.783973
-0.740934
-0.719115
-0.777152
-0.806348
-0.752309
-0.770278
-0.786353
-0.774361
-0.788957
-0.830628
-0.773006
-0.757349
-0.75678
-0.809947
-0.747162
-0.79811
-0.815028
-0.774853
-0.829394
-0.798544
-0.78308
-0.796067
-0.792126
-0.797142
-0.809537
-0.801519
-0.812242
-0.790137
-0.791415
-0.772554
-0.779184
-0.800733
-0.778447
-0.840058
-0.787104
-0.801343
-0.793641
-0.781353
-0.818559
-0.785924
-0.772948
-0.80495
-0.786986
-0.780777
-0.784266
-0.830914
-0.788784
-0.843687
-0.823968
-0.846079
-0.784867
-0.739744
-0.795616
-0.795634
-0.812388
-0.8395
-0.830531
-0.790119
-0.828845
-0.789587
-0.781584
-0.848401
-0.864972
-0.760878
-0.820954
-0.851125
-0.812497
-0.81747
-0.788169
-0.828243
-0.806903
-0.808689
-0.890317
-0.789526
-0.828499
-0.818534
-0.802082
-0.804406
-0.806334
-0.820212
-0.835297
-0.840377
-0.815143
-0.819182
-0.791692
-0.858967
-0.806703
-0.796709
-0.813446
-0.813656
-0.817822
-0.791055
-0.843627
-0.837904
-0.779818
-0.832778
-0.88514
-0.829395
-0.792029
-0.829499
-0.788606
-0.820707
-0.807887
-0.836475
-0.88036
-0.84622
-0.815497
-0.847243
-0.797078
-0.79628
-0.866909
-0.79278
-0.824472
-0.847923
-0.822087
-0.810255
-0.775216
-0.869458
-0.838312
-0.863459
-0.814727
-0.812813
-0.838283
-0.876163
-0.803807
-0.845681
-0.826521
-0.823712
-0.78822
-0.869986
-0.837686
-0.902752
-0.815984
-0.840676
-0.818676
-0.833374
-0.888881
-0.868461
-0.829683
-0.821055
-0.914931
-0.849796
-0.86989
-0.839962
-0.819735
-0.866239
-0.867028
-0.791324
-0.797877
-0.809686
-0.870482
-0.863184
-0.799648
-0.827714
-0.879338
-0.913841
-0.849785
-0.854989
-0.852292
-0.818325
-0.885377
-0.816609
-0.833211
-0.846693
-0.90617
-0.879763
-0.88185
-0.804848
-0.795856
-0.865881
-0.852309
-0.867289
-0.820098
-0.825315
-0.823329
-0.825869
-0.838192
-0.891846
-0.831586
-0.906035
-0.86839
-0.857055
-0.844756
-0.920371
-0.84889
-0.875686
-0.840335
-0.845554
-0.853653
-0.898249
-0.88094
-0.826555
-0.868228
-0.807816
-0.83688
-0.844541
-0.917705
-0.881535
-0.866992
-0.838135
-0.815576
-0.78174
-0.885305
-0.910212
-0.906323
-0.821076
-0.832672
-0.875363
-0.879791
-0.881093
-0.789477
-0.826645
-0.865316
-0.86145
-0.862487
-0.978927
-0.844957
-0.871489
-0.870102
-0.839648
-0.843318
-0.866249
-0.929173
-0.996423
-0.88137
-0.859093
-0.866916
-0.910329
-0.908667
-0.920115
-0.8391
-0.835762
-0.891115
-0.872638
-0.850978
-0.899177
-0.921956
-0.886562
-0.848646
-0.857642
-0.885763
-0.915332
-0.892692
-0.877093
-0.859683
-0.864405
-0.875237
-0.883598
-0.825946
-0.923309
-0.942296
-0.961963
-0.886473
-0.889358
-0.900804
-0.887427
-0.888635
-0.963077
-0.920573
-0.972433
-0.901547
-0.912294
-0.890653
-0.91801
-0.904628
-0.895888
-0.904077
-0.879673
-0.894473
-0.889506
-0.888307
-0.944627
-0.870165
-0.896995
-0.929226
-0.980949
-0.905328
-0.916649
-0.873269
-0.835042
-0.868322
-0.924794
-0.89664
-0.960373
-0.929628
-0.908975
-0.917445
-0.865768
-0.919276
-0.897052
-0.95054
-0.876768
-0.968294
-0.917894
-0.969451
-0.882915
-0.879702
-0.92221
-0.881055
-0.845134
-0.880531
-0.863793
-0.912352
-0.880481
-0.872322
-0.951113
-0.868269
-0.895866
-0.87128
-0.922741
-0.909009
-0.918495
-0.992316
-0.970555
-0.947264
-0.820653
-0.918624
-0.938282
-0.958444
-0.915602
-0.965288
-0.910956
-0.89202
-0.892134
-0.918769
-0.937055
-0.943102
-0.923599
-0.917886
-0.940077
-0.981219
-0.946129
-0.904032
-0.92429
-1.0015
-0.895529
-0.859559
-0.949278
-0.865842
-0.81217
-0.867386
-0.933025
-0.906529
-0.939243
-0.943658
-0.853453
-0.921002
-0.943475
-0.911671
-0.938664
-0.879943
-0.93124
-0.963331
-0.790897
-0.87837
-0.887535
-0.945384
-0.943648
-0.927631
-0.915876
-0.915527
-0.929272
-0.989857
-0.923241
-0.891564
-0.86089
-0.893019
-0.879681
-0.95942
-0.932117
-0.923558
-0.965644
-0.798933
-0.951556
-0.916714
-0.937648
-0.930583
-0.982241
-0.877801
-0.969768
-0.918256
-0.981989
-0.908838
-0.985337
-0.866205
-0.896525
-0.977768
-0.973035
-0.893707
-0.921659
-0.943325
-0.910878
-0.983125
-0.936962
-0.958869
-0.941697
-0.982821
-0.95241
-0.967066
-0.891814
-1.0315
-0.936382
-0.98174
-0.985511
-0.907914
-0.909576
-0.85125
-1.02501
-0.916659
-0.905413
-0.909278
-0.929708
-0.992375
-0.972214
-0.960917
-0.940228
-0.922092
-0.918015
-0.981008
-0.93837
-1.00852
-0.965533
-0.891725
-0.983557
-0.909643
-0.88685
-0.945879
-0.884504
-0.976675
-0.956426
-0.964484
-0.958624
-0.925637
-0.899569
-0.981771
-0.931128
-0.950972
-0.905538
-0.941612
-0.89746
-0.988938
-0.935617
-0.937107
-0.877424
-0.931135
-0.986184
-0.887963
-0.926681
-0.889006
-0.936991
-0.934112
-0.92321
-0.956135
-0.891619
-0.986423
-0.977182
-0.891416
-0.950457
-0.884769
-0.921849
-0.940737
-0.917032
-0.94347
-0.954834
-0.981227
-0.978464
-0.997377
-1.01876
-0.990117
-0.984141
-0.961512
-1.02328
-0.891585
-0.972073
-0.999002
-0.978112
-0.966284
-0.856716
-1.00488
-0.980688
-0.982336
-0.951651
-0.941647
-0.936914
-0.93844
-0.911262
-0.932911
-0.954429
-0.989418
-0.973358
-0.970882
-0.997348
-1.00203
-0.958373
-0.999
-0.963079
-1.02528
-0.939409
-0.959617
-0.98568
-0.982949
-0.983093
-0.974895
-0.9031
-0.985923
-1.04382
-0.984303
-0.992035
-0.934351
-0.984809
-0.979464
-1.01519
-0.96564
-1.01492
-1.03555
-0.960281
-0.96478
-0.919009
-0.967085
-1.03939
-0.997051
-0.962749
-0.951349
-1.02251
-1.01586
-0.904118
-0.982686
-1.01412
-0.988109
-0.915221
-0.938411
-0.950811
-1.02059
-0.961461
-0.98777
-1.00853
-0.956901
-0.929606
-0.95274
-0.87972
-0.963728
-0.993007
-1.01037
-0.938068
-0.946592
-0.987626
-0.930875
-0.955908
-0.931812
-1.03572
-1.01542
-1.04251
-0.924786
-1.00202
-0.972174
-0.927627
-0.972064
-0.993513
-0.994529
-0.976095
-0.958241
-0.953384
-0.970335
-0.923986
-0.983379
-1.00214
-0.926467
-0.990777
-0.964319
-0.970447
-0.960269
-0.982919
-1.0078
-1.0118
-1.02714
-0.929567
-1.02097
-0.935403
-0.971668
-1.0103
-0.983901
-0.982819
-0.954962
-0.942143
-0.980808
-0.919288
-0.934354
-1.01245
-1.02602
-1.00241
-1.03754
-0.95069
-0.953204
-1.03218
-1.03585
-1.01327
-0.961742
-0.966841
-1.0224
-1.00812
-0.932555
-0.976751
-1.03703
-0.946626
-1.03383
-1.00523
-0.999446
-0.982929
-0.973778
-0.983099
-1.08275
-0.94433
-0.971226
-0.996159
-0.999548
-0.973963
-1.03371
-0.881549
-0.987854
-0.985627
-1.03129
-0.996508
-0.980874
-0.965693
-1.02357
-0.991943
-0.9444
-1.00229
-0.993575
-0.990547
-1.01577
-1.04345
-1.01919
-1.01443
-0.988513
-1.02687
-1.04693
-1.01259
-0.999701
-1.013
-1.00588
-1.01545
-0.987045
-0.993009
-1.01473
-0.982337
-0.956932
-0.968199
-1.04908
-0.967143
-0.982579
-1.01894
-0.96238
-0.982305
-0.985135
-1.00551
-1.02271
-0.997803
-1.01859
-1.0151
-0.954162
-0.996431
-1.02903
-0.927105
-1.04738
-1.0023
-1.0188
-1.00739
-0.992531
-1.0255
-0.990165
-0.979369
-1.02347
-1.04778
-0.946054
-0.996692
-0.954629
-0.974793
-1.03238
-0.921777
-1.0543
-0.998173
-0.986327
-0.955633
-1.031
-0.997353
-1.04381
-0.987257
-1.01557
-1.01318
-0.977706
-1.03576
-1.00044
-0.95474
-0.951186
-0.951559
-1.01599
-1.00585
-0.965347
-0.959902
-0.997962
-1.01313
-0.993794
-0.978887
-0.995199
-0.983547
-0.977608
-0.979638
-0.968651
-0.974958
-0.996751
-1.03223
-1.01505
-1.03505
-1.03308
-1.03843
-0.972228
-1.02295
-1.04845
-1.0051
-1.02899
-0.972601
-1.01385
-1.01022
-0.914803
-1.00193
-0.990698
-0.982026
-1.01961
-0.98936
-1.00383
-1.0407
-1.04725
-1.00327
-1.00675
-1.00894
-1.05802
-1.06164
-1.00263
-0.996173
-0.98774
-0.963921
-1.00319
-1.0333
-1.05856
-1.0337
-1.00838
-1.0148
-1.02913
-1.05496
-1.01792
-0.975864
-1.01696
-0.97407
-0.994459
-1.00603
-1.03246
-1.02895
-1.02456
-1.03232
-1.01669
-0.962345
-1.03659
-1.03912
-0.984883
-1.00174
-1.01311
-1.01756
-1.03166
-1.0165
-0.998643
-1.01826
-1.01009
-1.02392
-1.04936
-0.999309
-1.00009
-1.00357
-0.952371
-0.988841
-1.01779
-1.05754
-1.00873
-1.01661
-1.02454
-0.996966
-1.0087
-1.03761
-1.02408
-0.995292
-1.01271
-0.957127
-1.01968
-1.02767
-0.977537
-1.04622
-0.958429
-1.0504
-0.99726
-1.03321
-1.02126
-1.02511
-0.9927
-1.02655
-1.01706
-1.03428
-1.01458
-1.02278
-1.0502
-1.05361
-0.97591
-1.01888
-1.02214
-0.997252
-1.00011
-1.05786
-1.01287
-1.01967
-0.95275
-1.03445
-1.05284
-1.05498
-1.07054
-1.02597
-0.981903
-1.04733
-1.0504
-1.01488
-1.0287
-1.04612
-0.994088
-1.01434
-1.01429
-0.987525
-0.989326
-1.00425
-1.03746
-1.04629
-0.983171
-1.0446
-1.01175
-1.01079
-1.01567
-0.996904
-1.02252
-1.04617
-1.02909
-1.01227
-1.02619
-0.974781
-1.0103
-1.07002
-1.05535
-0.993421
-1.04629
-1.00597
-1.04538
-1.01059
-1.0579
-1.02998
-1.04146
-1.01199
-1.00219
-1.00895
-1.0159
-1.02441
-1.03317
-1.00917
-1.01181
-1.00963
-0.999499
-1.03403
-1.03824
-1.05309
-1.02739
-1.01513
-1.04291
-1.0426
-1.00248
-0.986279
-1.02081
-1.04035
-0.982402
-1.02952
-1.05415
-1.03457
-1.04101
-1.01742
-0.980501
-1.05313
-1.02643
-0.959976
-1.05701
-0.992775
-1.04075
-1.02758
-1.02458
-1.05743
-0.967703
-1.02847
-1.05858
-1.02811
-1.03183
-0.99062
-1.03606
-1.02133
-1.0356
-1.00611
-1.0455
-1.03215
-1.04019
-1.01808
-1.01863
-1.04042
-1.02345
-1.00245
-1.04581
-1.00718
-1.04028
-1.0517
-1.03184
-1.03031
-1.00551
-1.05482
-1.05543
-1.04137
-1.02873
-1.03858
-1.04667
-1.0272
-1.02224
-1.00824
-1.00495
-1.05697
-1.03932
-0.980028
-0.981168
-1.06824
-1.0846
-1.01307
-1.02331
-1.0223
-0.995658
-1.03523
-1.02252
-1.03684
-1.04717
-1.00163
-1.01766
-1.0562
-1.06228
-1.02937
-1.03743
-1.05766
-1.04594
-1.02527
-1.05826
-1.04419
-1.03709
-1.03082
-1.00924
-1.04683
-1.04911
-1.02707
-1.04128
-1.04641
-1.03568
-1.05997
-1.03967
-1.01073
-1.01091
-1.05571
-1.03494
-1.03218
-1.03282
-1.034
-1.00167
-1.04486
-1.0265
-1.01058
-1.05335
-1.03916
-1.01378
-1.03656
-1.02105
-1.03682
-1.07922
-1.06629
-1.07415
-0.99157
-1.03542
-1.04281
-1.0677
-1.01678
-1.03091
-1.00907
-1.01434
-1.04536
-1.0497
-1.0445
-1.02304
-1.04189
-1.04651
-1.05396
-1.01053
-1.04429
-1.03952
-1.00891
-1.0645
-1.03572
-1.04959
-1.02772
-1.04796
-1.02504
-1.05124
-1.03066
-1.02415
-1.02539
-1.05928
-1.04847
-1.05415
-1.02164
-0.975594
-1.04258
-1.01747
-1.04641
-1.02651
-1.05106
-1.02324
-1.01928
-1.01112
-1.05545
-1.05823
-1.0118
-1.01657
-1.05572
-1.02485
-1.0426
-1.04466
-1.0279
-1.04785
-1.02555
-1.01844
-1.04686
-1.058
-1.00796
-1.04462
-1.04662
-0.995534
-1.04556
-1.02606
-1.01375
-1.00266
-1.04326
-1.02588
-1.03618
-1.04281
-1.05757
-1.05084
-1.04192
-1.04273
-1.03362
-1.0308
-1.03587
-1.00548
-1.01237
-1.01826
-1.02299
-1.05717
-1.01169
-1.04892
-1.05457
-1.05277
-1.05105
-1.03659
-1.04863
-1.02429
-1.02845
-1.02775
-1.05196
-1.05677
-1.03822
-1.05201
-1.03386
-1.03834
-1.05674
-1.054
-1.04772
-1.02944
-0.992982
-1.05402
-1.05201
-1.01703
-1.04902
-1.04057
-1.06851
-1.08736
-1.07066
-1.05649
-1.03476
-1.04587
-1.05104
-0.997666
-1.03635
-1.01697
-1.02092
-1.02569
-1.02656
-1.03759
-1.09676
-1.03245
-1.02898
-1.05399
-1.05615
-1.04138
-1.02327
-1.04389
-1.0429
-1.0252
-1.02672
-1.05648
-1.04115
-1.04267
-1.00433
-1.02034
-1.04992
-1.04846
-1.02583
-1.04249
-1.04649
-1.03598
-1.0494
-1.0248
-1.05203
-1.10456
-1.0545
-1.07906
-1.02685
-1.03427
-1.05376
-1.05652
-1.06478
-1.04928
-1.05632
-1.05102
-1.05222
-1.04923
-1.04954
-1.04241
-1.05426
-1.04034
-1.03649
-1.02536
-1.06064
-1.04283
-1.02935
-1.0326
-1.03387
-1.06002
-1.06745
-1.00999
-1.03441
-1.05281
-1.05942
-1.08096
-1.0435
-1.02241
-1.06986
-1.0033
-1.05618
-1.03175
-1.02874
-1.06262
-1.05303
-1.04228
-1.03829
-1.07567
-1.0398
-1.02655
-1.05466
-1.03417
-1.05028
-1.05502
-1.04637
-1.05499
-1.04149
-1.05528
-1.03763
-1.05351
-1.02223
-1.06037
-1.04801
-1.05549
-1.04729
-1.0526
-1.07359
-1.0301
-1.05196
-1.04454
-1.01731
-1.02421
-1.05138
-1.05508
-1.03743
-1.04525
-1.03301
-1.04782
-1.02338
-1.0561
-1.03145
-1.05075
-1.0555
-1.03887
-1.04148
-1.03178
-1.04851
-1.07599
-1.04452
-1.04791
-1.04545
-1.05476
-1.04609
-1.03913
-1.03792
-1.04643
-1.04789
-1.05918
-1.04274
-1.0558
-1.03503
-1.05539
-1.05762
-1.03996
-1.05027
-1.05753
-1.04087
-1.03012
-1.04593
-1.04984
-1.03902
-1.07449
-1.04798
-1.03648
-1.04662
-1.0577
-1.03817
-1.05333
-1.01753
-1.0378
-1.04808
-1.02879
-1.0482
-1.07817
-1.02556
-1.0405
-1.01051
-1.05621
-1.05665
-1.02615
-1.05907
-1.06876
-1.04516
-1.05166
-1.05606
-1.0319
-1.04459
-1.03033
-1.04703
-1.06089
-1.01119
-1.05214
-1.04331
-1.04534
-1.04943
-1.03813
-1.07007
-1.02191
-1.0403
-1.06479
-1.04884
-1.05102
-1.04285
-1.05135
-1.0499
-1.04674
-1.0462
-1.04219
-1.03974
-1.04717
-1.05105
-1.04513
-1.03403
-1.04769
-1.03878
-1.02707
-1.05271
-1.04966
-1.04307
-1.0527
-1.03303
-1.06878
-1.0504
-1.03985
-1.06295
-1.04172
-1.03891
-1.05727
-1.04015
-1.04412
-1.02417
-1.02624
-1.06561
-1.05492
-1.03941
-1.04726
-1.03085
-1.05413
-1.03756
-1.05118
-1.0745
-1.04307
-1.07754
-1.03598
-1.04873
-1.03483
-1.04088
-1.0492
-1.04837
-1.01797
-1.04559
-1.03811
-1.05437
-1.02905
-1.01687
-1.06207
-1.05957
-1.04374
-1.06359
-1.07917
-0.987231
-1.04239
-1.01385
-1.04795
-1.02637
-1.05231
-1.04013
-1.03109
-0.995657
-1.01896
-1.05898
-1.04527
-1.02495
-1.06592
-1.06217
-1.04205
-1.04084
-1.04171
-1.04709
-1.05785
-1.03704
-1.05024
-1.05937
-1.04826
-1.05983
-1.04312
-1.06566
-1.03645
-1.02342
-1.03969
-1.03309
-1.04786
-1.08718
-1.04109
-1.02354
-1.02906
-1.03881
-1.04907
-1.03942
-1.05963
-1.04723
-1.03893
-1.05502
-1.04829
-1.07486
-1.04973
-1.05318
-1.04144
-1.05657
-1.04118
-1.05714
-1.08698
-1.04321
-1.03893
-1.05195
-1.05501
-1.05031
-1.02792
-1.04392
-1.05816
-1.06115
-1.04745
-1.06324
-1.04813
-1.03875
-1.04828
-1.02496
-1.05017
-1.03165
-1.0372
-1.07569
-1.06419
-1.0704
-1.02287
-1.05298
-1.06714
-1.05085
-1.05347
-1.0309
-1.05373
-1.05231
-1.04377
-1.06777
-1.04628
-1.07161
-1.04032
-1.04745
-1.05393
-1.04229
-1.03756
-1.02915
-1.05331
-1.04928
-1.04021
-1.04883
-1.04124
-1.05489
-1.06304
-1.04363
-1.03665
-1.02801
-1.03299
-1.0516
-1.0551
-1.04953
-1.05158
-1.03183
-1.05083
-1.06479
-1.03467
-1.04672
-1.04572
-1.01922
-1.05321
-1.05396
-1.04079
-1.04241
-1.05081
-1.03828
-1.03841
-1.04737
-1.05029
-1.06992
-1.05125
-1.05649
-1.04488
-1.04411
-1.06089
-1.05762
-1.0251
-1.05481
-1.05144
-1.05257
-1.04563
-1.04392
-1.04877
-1.05224
-1.06133
-1.06704
-1.05437
-1.06856
-1.03518
-1.05468
-1.05401
-1.0522
-1.04192
-1.05155
-1.07055
-1.04817
-1.04922
-1.04141
-1.05441
-1.0479
-1.05498
-1.01772
-1.045
-1.06112
-1.04551
-1.05533
-1.06979
-1.04913
-1.00894
-1.04228
-1.04764
-1.05413
-1.06629
-1.05359
-1.05562
-1.04068
-1.07242
-1.05156
-1.06916
-1.05677
-1.05335
-1.05329
-1.05375
-1.0659
-1.03489
-1.03685
-1.05423
-1.05186
-1.02726
-1.04868
-1.05351
-1.06853
-1.05121
-1.04957
-1.02885
-1.04871
-1.0511
-1.03574
-1.06494
-1.04725
-1.0614
-1.04462
-1.03379
-1.03763
-1.0425
-1.04804
-1.04075
-1.06075
-1.05214
-1.02572
-1.05554
-1.05317
-1.05885
-1.06106
-1.05787
-1.04824
-1.06392
-1.06688
-1.05175
-1.04889
-1.05267
-1.06188
-1.03698
-1.07143
-1.0447
-1.04628
-1.04465
-1.04836
-1.04566
-1.04314
-1.04949
-1.03849
-1.05955
-1.05044
-1.05131
-1.04901
-1.05918
-1.0353
-1.04255
-1.05834
-1.04606
-1.04151
-1.05757
-1.04089
-1.04424
-1.03284
-1.04585
-1.06214
-1.04283
-1.03676
-1.05024
-1.04902
-1.03352
-1.0557
-1.0441
-1.04605
-1.04857
-1.03903
-1.04212
-1.02639
-1.02489
-1.05386
-1.06307
-1.04609
-1.05429
-1.05834
-1.05441
-1.04819
-1.02207
-1.04533
-1.04986
-1.04457
-1.02885
-1.04753
-1.04989
-1.04907
-1.07357
-1.04357
-1.05218
-1.0706
-1.04777
-1.04227
-1.02776
-1.04346
-1.04811
-1.06529
-1.05702
-1.0547
-1.05719
-1.06299
-1.0499
-1.0609
-1.04825
-1.04843
-1.05278
-1.04631
-1.05384
-1.05507
-1.0563
-1.04682
-1.04514
-1.05455
-1.05714
-1.04244
-1.04477
-1.0659
-1.05024
-1.0564
-1.04429
-1.05907
-1.04853
-1.05258
-1.0515
-1.04194
-1.04445
-1.05968
-1.04776
-1.05432
-1.04522
-1.04639
-1.06042
-1.05093
-1.05771
-1.04763
-0.866528
-0.976937
-1.04397
-1.05407
-1.03675
-1.04243
-1.05506
-1.05155
-1.07149
-1.05876
-1.03381
-1.0543
-1.06364
-1.05421
-0.996144
-1.0456
-1.05206
-1.05526
-1.05648
-1.06103
-1.04935
-1.07001
-1.04746
-1.03885
-1.06772
-0.992792
-1.04129
-1.04397
-1.05551
-1.05207
-1.03584
-1.05588
-1.07021
-1.05289
-1.01511
-1.03578
-1.05325
-1.04972
-1.05452
-1.04583
-1.05143
-1.05709
-1.04785
-1.05602
-1.04174
-1.04125
-1.04688
-1.04005
-1.02977
-1.05739
-1.05402
-1.04486
-1.04205
-1.03925
-1.03541
-1.03341
-1.05176
-1.05471
-1.02247
-1.03811
-1.05956
-1.05143
-1.05352
-1.04559
-1.04449
-1.05911
-1.04765
-1.05491
-1.05625
-1.07371
-1.01568
-1.05362
-1.05301
-1.05733
-1.05059
-1.05556
-1.05931
-1.03892
-1.05403
-1.04175
-1.05394
-1.04859
-1.05386
-1.04281
-1.05195
-1.04264
-1.04202
-1.05006
-1.04489
-1.05327
-1.04924
-1.05327
-1.0558
-1.05241
-1.04884
-1.05991
-1.059
-1.03989
-1.04612
-1.07278
-1.04524
-1.04961
-1.0623
-1.05373
-1.05237
-1.05764
-1.05337
-1.05131
-1.05729
-1.05375
-1.04998
-1.05684
-1.04983
-1.05258
-1.05562
-1.06177
-1.0492
-1.06828
-1.06521
-1.05248
-1.05869
-1.05089
-1.05285
-1.04265
-1.05577
-1.04769
-1.04895
-1.05125
-1.05283
-1.06106
-1.05059
-1.06391
-1.03278
-1.06076
-1.06071
-1.04326
-1.06362
-1.03795
-1.04984
-1.04687
-1.05662
-1.0723
-1.04297
-1.06034
-1.05883
-1.15603
-1.09947
-1.06088
-1.05368
-1.05102
-1.04142
-1.05524
-1.0984
-1.04637
-1.04967
-1.04455
-1.04531
-1.02969
-1.0603
-1.03786
-1.05201
-1.04842
-1.05655
-1.05324
-1.09458
-1.04723
-1.0319
-1.04436
-1.05831
-1.05573
-1.05176
-1.05295
-1.04142
-1.06297
-1.05263
-1.03608
-1.06267
-1.0746
-1.0587
-1.04931
-1.06613
-1.07845
-1.05407
-1.05599
-1.06125
-1.05612
-1.07649
-1.04356
-1.05466
-1.06414
-1.05381
-1.04104
-1.05212
-1.05101
-1.04828
-1.05378
-1.05396
-1.0583
-1.0441
-1.04492
-1.04585
-1.05446
-1.03812
-1.04907
-1.05434
-1.05441
-1.05415
-1.07378
-1.05165
-1.05342
-1.0362
-1.05437
-1.05133
-1.02338
-1.05059
-1.05106
-1.05929
-1.06356
-1.05405
-1.04881
-1.0813
-1.05546
-1.05167
-0.992035
-1.0649
-1.05619
-1.05038
-1.05977
-1.05752
-1.05442
-1.05491
-1.05866
-1.08142
-1.05279
-1.05915
-1.05445
-1.0418
-1.05283
-1.04558
-1.0793
-1.03636
-1.04887
-1.0531
-1.04786
-1.04848
-1.05142
-1.05441
-1.0738
-1.04816
-1.05576
-1.05238
-1.05856
-1.03294
-1.04999
-1.04704
-1.04877
-1.06466
