1.04836
0.991227
1.01629
1.05317
0.79461
1.07157
0.848211
1.09188
0.976071
0.943804
1.0627
0.759289
1.10971
1.13057
1.50392
0.700132
1.36014
0.778331
1.02743
0.892815
1.04489
0.745805
1.42168
1.65875
1.41577
1.27863
1.58769
0.773183
0.308062
0.917821
1.53367
0.920621
2.54627
0.623505
0.670491
1.54715
1.15362
1.79987
2.86933
2.15138
1.14424
1.13863
1.48122
0.512246
0.695358
1.93512
0.930962
1.82854
0.902521
0.847603
3.1072
1.19991
5.04471
0.776829
0.567818
0.0386273
0.0394648
2.68263
0.503203
0.201136
0.662835
0.540773
0.302522
0.0291331
2.01504
1.34537
0.846508
0.178144
0.203834
1.53309
0.850428
1.03632
0.023247
0.232278
2.71901
0.0234227
0.0639755
0.0230178
5.69911
1.5674
0.215557
1.77673
0.0256244
1.1791
0.0200049
0.0193529
0.156924
0.0188545
0.0199063
0.022108
0.348894
0.0191493
0.319256
0.760128
0.277765
0.0207038
0.0196713
0.019067
0.844348
0.0199018
1.50453
0.0207993
2.3096
0.0167013
0.125783
0.0185492
0.0178361
0.0206524
0.015536
1.43039
0.0179715
1.37339
0.17949
1.73429
0.488319
0.026492
0.32304
0.0189517
0.918165
0.776453
0.0162248
0.0155762
0.0165792
0.0243808
0.983614
0.0163714
0.0146224
0.134521
0.320078
1.02058
0.0159956
0.0150271
7.46414
0.0180568
0.0171246
0.287885
0.0173493
0.0168586
0.245567
0.0136119
0.379591
0.252351
1.16865
0.992614
0.015386
3.30833
0.0141144
0.0121813
8.31471
0.0124865
0.16057
2.9536
9.91224
4.54914
1.86767
0.0154882
2.52683
0.0143851
0.0158402
7.49521
0.427712
0.840967
0.0142814
0.0131769
0.117713
0.0114123
0.0133649
3.04058
0.091197
0.523633
0.26601
0.0982204
0.0118193
0.0160517
0.0114777
0.16444
0.978783
0.0125512
0.0122126
0.0133649
9.32412
1.22084
0.0120904
0.935207
0.0896355
0.00998716
0.181866
2.88143
0.00950954
0.00801197
0.0117873
0.0149653
2.69108
0.00909363
0.0108398
0.00780195
1.67422
0.264123
0.664437
0.0087209
0.00916732
6.1345
5.29035
0.0104924
0.00901853
0.00810975
0.00938969
0.00985943
0.0117729
0.217094
0.00765006
0.00808665
0.00941916
0.421962
0.872565
0.0117395
3.58074
0.128327
0.0118442
0.0112611
1.62767
0.0101645
0.00890698
0.163693
0.785064
0.0107561
0.00934955
3.75037
0.00813012
0.0112049
0.789666
2.07546
1.07013
1.12709
0.00702365
3.43371
1.00016
0.00753209
0.0114881
10.8179
0.00782239
0.00703955
0.00641025
0.00763111
0.00733367
0.00625875
2.33542
0.00665536
1.51112
0.00744999
0.00633035
0.00851021
0.00619278
0.00653483
0.00716273
0.391093
2.39708
0.00672826
0.00905901
3.17777
0.00571718
0.0124106
0.00703976
0.00838401
0.00658899
2.69761
0.00679122
0.00672092
0.00569284
0.0142263
1.56793
0.00611171
3.95319
0.00717856
0.287746
0.00761984
0.240089
4.26556
0.00857015
0.00570696
0.00637922
0.00653484
0.00539462
0.00570477
0.00894249
0.00523481
0.00619167
0.0059049
0.00680894
0.0048716
0.00805222
0.00519827
2.35514
3.91335
0.00504173
0.0059509
0.00547586
0.243508
0.00534355
2.62884
0.00805491
0.00539623
0.00569319
0.00538246
0.00865481
0.00618925
0.337331
14.2332
0.0119947
0.0046525
0.00609105
0.00907436
0.292494
0.00475375
0.00493349
0.00618871
0.00487797
0.00591974
0.00499954
0.00658409
0.00550964
0.252342
0.00575421
0.00498867
0.0048563
0.00521671
1.19639
0.00455161
0.00438912
0.00699493
0.96627
0.00429565
2.89178
0.00652714
0.00443597
0.00485023
0.00539944
0.00554687
0.00504133
0.0042421
0.00750962
0.00482691
0.00512565
0.00397665
0.00403563
0.00681582
3.27158
2.87661
4.87293
0.874338
0.00395099
0.00466483
0.00675778
0.00421139
0.00490552
4.22828
0.00460398
0.0044028
0.0038088
0.00588236
0.00401785
0.00628872
0.00542136
0.0040981
0.00606726
0.00537181
0.00409043
7.84157
0.00439419
0.00512255
0.00499088
0.00388634
0.00410197
0.00615652
0.154558
0.00407909
0.00500157
2.50001
0.845015
0.00540455
0.0041731
5.36089
0.00457091
19.8924
0.00534839
10.4774
0.354527
0.00363253
0.00607499
0.00747086
0.00352795
0.00522515
0.00371813
0.00963609
0.00709454
0.0045541
0.00443884
0.00522754
0.00539559
0.00390191
0.00434122
0.00492783
0.00635072
0.159954
0.00604724
0.05517
0.00351683
0.664364
4.17896
0.373682
0.00455048
0.0037607
1.82729
1.04827
6.09199
0.00375817
0.235381
0.00453983
0.00389353
0.370241
0.00464728
28.229
0.0042618
0.00497131
0.00352996
5.75264
0.00549504
3.70406
1.85493
0.180238
0.00395696
8.14468
0.00459312
0.00408221
0.00511975
0.00433069
0.00782625
0.00390599
0.00530233
0.00436392
0.0061142
0.0040273
0.00763477
0.00411825
0.00454377
4.2176
0.00767197
3.43257
0.00354442
0.00481051
0.00429581
6.04677
0.00547691
0.00474812
0.00846983
0.00361443
2.03151
0.0040569
25.8416
0.00430258
0.00356607
0.00412816
0.00406677
0.00402878
0.00684204
0.00363498
0.00405376
0.00405561
3.44177
0.00387562
0.00471841
0.00432206
14.1395
0.00407426
0.0043771
0.0040536
2.84948
1.14594
1.87406
0.0037616
0.00392132
1.06257
0.00411018
0.00459934
0.00390207
0.00383577
0.00509483
0.00514765
0.0060898
0.00374924
0.00451923
0.00960822
0.00666557
2.76267
0.00408785
0.0039939
0.00419428
0.00409002
0.00397967
0.004957
0.00429858
1.08251
1.0756
0.00424431
0.00351243
0.00413929
0.00591175
0.00457293
0.00422529
0.00601685
0.00441925
0.00544108
0.00380517
0.0042698
0.00478071
1.88203
0.0106243
4.40506
0.00373107
0.00574128
0.0054878
0.00351414
0.00746081
0.00571661
0.370285
0.0037031
0.00386713
0.00383781
11.5299
0.00373492
0.00327018
0.00559093
24.9583
5.82844
0.00375143
0.0047112
0.00341185
0.00468896
0.00466936
0.00408105
0.00477905
0.00466739
0.00480925
0.00421968
0.00390683
0.0044546
0.00400498
0.00467956
0.00472047
0.00393717
0.0050819
0.00407571
0.00719419
0.00472342
27.1039
0.00405366
0.00361001
0.00442265
0.00480096
0.00368996
0.00356351
0.00326832
0.00400569
0.00343248
5.75837
2.20098
1.14897
0.00408656
0.923413
0.00443955
0.00351099
0.00393805
0.00370384
0.00367296
0.00376293
5.46339
0.367689
0.00342792
0.00358015
1.48767
0.00557935
2.5386
2.10295
18.5151
0.00346954
0.00462868
2.11227
0.00469707
0.00382944
1.21595
0.00478491
0.00576378
7.79143
0.00345702
0.00516508
0.00392558
5.21167
0.00337474
0.00489311
12.2709
1.45633
0.00363169
0.727505
0.871847
0.00438457
0.366601
1.4784
0.00365897
0.00510562
0.00579963
0.00440549
0.00428004
1.78512
0.00518141
0.0050536
2.25124
0.00332831
0.00326951
0.00380423
0.00438198
0.381138
0.00366486
0.00487276
0.00652696
0.00345883
0.00348096
0.00466252
4.79127
0.00487491
0.00323596
0.00399724
0.00375458
3.03603
1.26713
0.0042162
0.00376752
1.14474
0.00371546
0.00350236
0.00337155
0.00368716
0.00561475
4.5516
0.00386184
0.00563144
0.00437624
0.00796161
1.02643
0.00536002
0.00448379
0.00334499
0.00345239
0.0037013
0.0041502
0.00410385
0.00381748
0.00402724
0.00351077
4.21441
0.00515186
0.00686635
0.00812022
0.00371168
0.0578785
0.00439312
37.0277
1.13214
0.00361815
0.00383521
8.80123
0.00390739
0.00461661
0.00448972
0.00421161
0.00462989
0.00425247
0.00426975
0.00416486
0.00478949
0.00368371
0.00390864
0.00330112
0.00317544
0.00351764
0.00326589
0.00336838
0.00640638
0.0037159
0.00316976
0.00472244
0.00321845
0.0032862
0.00427976
0.00351896
0.0038183
0.00318664
0.00361185
0.00395098
0.385711
0.00379545
0.00545177
0.003526
0.00329737
0.00688795
0.00369559
0.00344568
0.00339458
5.10899
1.91613
0.825705
0.00393092
6.40529
24.6496
6.42922
0.0035721
5.55207
0.00420681
0.00428453
5.28704
0.00336739
0.00415921
0.00325037
0.00326043
0.00368019
0.925323
9.95774
0.0034443
0.00548235
0.00430033
0.00319752
0.00371688
0.00394851
0.0057087
0.00357519
0.00421365
0.00370887
0.00402145
3.21903
0.00596483
0.00327566
0.00697653
0.00642842
0.00400377
0.00312684
0.00526382
0.0056055
0.00409994
0.00339712
0.00382224
1.65743
0.00380747
0.00419357
0.00321041
0.00341933
0.00389386
0.00328474
0.00351923
0.00344073
0.0036805
0.00507001
0.00341976
0.00440471
0.00395777
4.70785
0.0032415
0.00325773
0.00381473
0.00325976
0.00589822
0.00474009
0.00336983
0.0033442
0.00483479
0.00407089
0.00447663
0.00410732
0.00334439
0.0032258
0.00402536
0.00370592
0.00424044
0.00458976
0.00432729
0.00455748
0.00418587
0.00521257
0.00732032
0.00354521
4.68558
0.00385058
4.7317
0.00353673
0.00416844
0.00343071
1.93122
0.00325268
1.18592
0.00317483
6.08411
0.00376798
0.00391174
0.00374588
0.00314525
0.00362494
3.82881
0.00406645
0.645977
0.00454926
0.78256
0.00567319
0.00369092
0.00383366
0.784784
27.1146
0.00380721
5.02524
0.00361082
0.00428165
0.00493406
0.00467831
0.00347271
0.00409555
0.00443402
0.00334734
0.00331582
1.8962
0.00339737
0.003322
0.00438698
0.00500497
2.16396
0.00422992
0.00358595
0.00354545
0.419146
0.00324365
0.00397387
0.00541693
0.00403417
0.00449642
0.00354875
0.00330157
7.98476
0.00353813
0.00411373
0.00335045
0.00396911
0.377566
0.004722
0.00380542
0.00325117
0.00357139
0.00431663
0.00353471
0.00329516
0.00402443
0.00411699
0.00489699
0.00319977
0.00320428
0.0039951
0.00395563
0.00370328
0.00500437
0.00383725
0.00378316
0.00337025
0.00345149
0.00346451
0.281988
0.00341283
0.00781301
0.00318662
0.00319218
0.00321293
0.00347533
0.00374447
13.0163
7.04748
6.13498
0.00322985
0.525972
0.00397028
0.00345923
1.52681
6.16246
0.00320732
0.00322233
0.00557069
0.00472779
0.00340162
0.00376286
0.0034347
26.8977
4.49614
0.0040068
0.145681
0.00697135
0.00495067
0.00337872
0.00440159
2.28186
3.37655
0.00362885
0.00408723
0.00681828
0.00351557
9.14686
0.00367113
0.00358063
1.15104
0.0042391
4.19049
0.00359496
0.00318918
0.00398501
0.00356096
0.00363621
0.00429899
12.6983
0.00336308
0.00435868
0.00322307
0.00347072
0.00319986
4.19672
4.96156
0.0040912
0.00482606
0.00457352
0.00364933
0.00315274
0.00370514
0.00339186
0.00402947
0.00653597
2.64075
0.00314971
0.00319747
0.00336701
0.00339974
5.41901
0.00397952
0.00907175
0.00317205
0.00412549
0.00508751
0.00546413
3.40393
0.00370382
0.00562279
0.00319124
0.00394407
0.00337418
0.004112
0.0073153
0.00408982
0.00315169
0.0038078
0.00396773
4.66441
0.00317237
0.00345607
0.00694456
0.00468985
0.00383726
0.00340317
0.00462198
0.00544267
0.00321531
0.00395964
0.00323834
0.00413499
0.00396894
0.00366267
0.00350463
1.88827
0.00335279
0.00393508
8.13714
0.00363333
8.37117
0.00465011
4.40318
0.00430282
0.00449436
0.00436324
0.00331535
0.00350811
0.00584201
0.00373597
1.81722
0.00350448
0.00325386
0.0038966
0.00389268
0.00345026
0.0038652
0.00363474
2.18292
2.69156
0.00367496
0.00566402
0.0886326
0.00537637
0.0032739
0.00349449
0.00342299
0.00388604
0.0032555
0.00495491
0.00466154
0.00361399
0.00569326
0.00384889
0.00345454
3.46185
0.0034529
0.00393941
0.00399722
0.00334439
0.00854588
0.0039395
0.00378669
0.00332822
0.00364547
0.00345458
0.00540035
0.00397438
5.35631
6.34405
0.00557107
0.736306
2.07991
0.005054
0.00340742
0.00335241
0.00390953
0.00373754
0.00340799
0.00346611
2.27502
0.0045146
0.00328918
0.00485967
0.00676728
0.00394434
0.682874
0.0037204
0.00383497
0.00395751
0.00551938
0.00368357
0.00424329
0.00669723
0.00451112
8.57778
0.00402032
0.40292
2.12799
0.00331147
0.0052994
0.00514459
7.27316
0.00330368
0.0035488
0.00333687
1.39954
0.00359083
0.00482765
0.00332764
0.00640261
1.41124
0.00395665
0.00343748
2.97078
0.00362903
0.00578874
4.30696
0.277805
0.00351062
2.57797
0.00416688
0.00347711
0.00370156
0.0060733
0.00396154
0.00403147
8.53796
0.00530516
0.00415697
0.00349361
0.00553573
0.00351851
0.00470443
0.253013
0.0034439
0.00477655
0.00556134
30.5639
3.37539
0.0204142
0.00383482
0.00495536
0.00541514
2.52557
0.0034862
0.00445524
0.00366176
0.0039035
0.00396172
0.00390648
0.00343389
4.40902
5.03904
0.00349642
0.00566335
0.00402401
0.0060554
2.06532
0.00453429
1.65751
0.0044313
0.00790674
5.43543
3.27182
0.00351086
0.983319
0.00365823
0.00358931
0.00362584
0.00831194
0.00771824
0.0103033
0.00379442
0.00349089
0.00349466
0.00408342
0.00432725
0.00453285
0.00386215
0.00401528
0.0038391
0.00417103
0.00356473
0.00493315
2.77449
0.00473379
0.00517351
0.449634
0.00405802
0.00452193
0.00626955
0.00603697
0.00377564
0.00429893
0.00703218
0.00461474
0.00355678
2.21104
0.0035513
0.00360759
0.00351167
0.00384344
0.00355806
0.00401954
9.92268
0.00356261
0.659385
0.00393908
0.00415321
30.1006
0.00482957
0.00504054
0.00715039
0.00484124
0.00361113
0.00497092
3.90206
1.61902
0.00388429
0.00379323
6.71022
11.0939
0.00410862
0.124277
0.00596351
0.00406363
0.00357516
0.00361403
0.00472944
0.00379942
16.7922
0.00379812
0.0035304
0.00477465
0.00522944
0.00469587
0.00512659
0.00511315
0.593446
20.6436
4.1872
0.00500571
0.0068019
0.00403362
0.00358734
0.00401869
0.100016
0.00426753
3.82977
0.00376074
0.00367252
0.00399019
0.0036061
2.72113
0.00441227
0.00598538
0.00378165
0.647638
3.14521
3.10507
0.0035709
7.08752
0.00419238
0.00370648
13.9838
0.124637
0.00535223
0.00358702
0.00401845
0.00632306
0.0038736
0.00403081
0.00376293
0.00485575
0.00444313
2.52743
0.00398599
0.00448962
2.00082
1.16841
0.00390841
0.0055014
0.00386239
0.00602415
8.85982
0.00360193
4.45498
0.00365378
0.00627443
0.00364954
0.00443648
0.00444768
4.42212
0.00408787
0.00360864
0.00753715
20.1588
0.0035507
0.0039989
0.00380189
1.34475
0.00361109
0.00356468
0.00394509
0.00409544
0.00412623
8.1574
6.89764
0.00363424
0.00367067
0.00369816
0.0113217
32.8421
0.00359241
0.00350562
1.65746
0.0049772
0.00369594
1.49783
0.00385237
0.0050156
0.00483575
0.00428147
0.00457879
1.93292
0.00639316
0.00616633
0.648161
0.00724882
2.23212
0.00489624
0.00414214
0.00434346
0.343366
0.00354095
0.00407274
0.00676732
0.00352884
0.00354688
0.00474026
3.32751
0.00420085
0.00392051
7.14744
0.0033901
0.00345011
0.0046054
1.68165
0.00406522
3.21057
68.9816
0.00630026
8.58858
0.00336738
0.00425667
0.00362267
0.00404733
0.00454615
0.00404969
0.00442157
0.00370726
0.00518169
0.00385768
0.0110424
0.00347187
0.00396914
2.29672
0.0034804
0.00423505
0.00560075
0.0134642
0.00400433
0.022035
0.00346132
2.06457
0.0061299
0.862744
0.00371275
7.59123
0.00497171
0.00347239
0.00429281
0.0905142
0.00370737
0.0115813
19.4507
0.00345777
0.00346604
0.00958591
0.375231
0.0037953
0.00352239
4.33223
0.00915091
0.00361621
0.00435355
0.00376952
0.00360725
0.00497242
0.004358
0.00550973
0.00530746
0.00382267
0.00783764
0.00409476
0.62932
0.00385502
0.00504991
0.00408096
0.00478712
0.00561916
0.00580659
0.00387967
0.00376754
0.00373759
0.00376431
5.22742
0.00555366
0.00372128
0.00658551
6.16504
1.14197
5.24253
0.00379615
0.00408804
0.00378733
0.620469
0.00373195
0.00421579
0.941988
1.12687
0.00765963
0.00383329
3.62963
0.472967
0.00375046
0.00598692
0.00804849
0.00468001
1.3125
0.0038044
0.00712769
0.00395808
0.0060084
0.00406422
0.004228
6.36077
0.00583925
0.00543792
0.00414286
0.00382892
0.00388449
0.00447334
0.00377126
0.00480064
0.00440985
0.298807
0.00463551
0.00542824
2.95418
0.00537441
0.00531896
0.00706567
0.00499948
0.00421826
0.00802758
0.0038799
0.00440504
0.8687
0.00428903
0.00598459
0.00453063
0.00411394
0.00511589
0.00426381
0.00455048
2.93846
3.4611
0.00414284
1.16023
0.00432433
0.00622019
0.00401781
0.00403962
0.004849
0.00488367
2.59862
0.00475756
0.00396381
0.00470622
2.36935
0.00476572
0.00526964
0.00393996
0.00511275
0.00422434
0.00653644
0.00569831
0.00550585
0.00391273
0.00830239
0.678779
1.20154
1.14267
0.00814121
0.00397725
0.00505193
29.5095
0.00400561
0.0088701
0.00450402
0.00505972
2.48693
12.3595
0.00406522
0.00534315
0.00400988
0.00404846
0.00464818
0.00397189
0.00458647
0.00400381
0.00506421
4.90737
0.0156253
0.0065915
0.00395089
0.0125777
0.301372
0.00433659
0.00833859
0.00491133
1.01759
0.00590727
0.00456481
0.00503996
2.42447
0.00632328
0.575697
0.00390783
0.00576876
0.00614665
0.0077453
0.00390561
0.00430139
0.759932
0.00403524
0.00569303
1.67767
5.46708
0.0125779
5.23115
0.0047685
0.00464323
0.00492216
0.0055614
0.0102824
3.06147
0.00423065
0.00514385
0.0039806
0.00445983
0.00515506
11.1436
0.00639075
0.00466687
0.0070022
1.10315
0.00729396
0.00676731
0.197795
4.1455
0.823366
0.00518703
0.00463536
0.00470688
0.00519761
0.00619005
0.00411688
0.00748317
2.69337
0.00419048
4.25397
0.00433179
0.00651472
0.00454507
0.00618926
0.00506128
0.00462365
0.0040938
0.00402691
0.00471483
0.00525656
0.00709849
0.00470564
0.00416547
5.19511
3.86185
0.0042526
0.00400211
1.74105
0.00822344
0.00547701
0.0135733
0.00616194
0.769616
0.00567708
0.00578225
1.25074
0.00427537
1.16992
0.00466261
0.00405589
3.21393
0.00445042
0.28559
4.58981
15.4915
0.805891
0.00678011
0.00603728
0.0452078
2.48721
5.46677
0.00523999
0.00692459
0.282636
0.00475504
0.00721664
1.67982
0.00572763
5.85564
3.64216
0.00703831
0.267502
0.0044369
0.792779
0.00545131
0.532931
0.00575818
0.00573639
0.00588714
0.991617
0.0117044
0.00436417
0.00550567
0.00490213
1.04288
1.09337
0.00565676
0.00456293
0.0043513
0.00429658
0.266986
0.00608217
0.00627569
0.00505397
0.0112996
0.00705245
0.00489779
0.007551
1.58493
0.00457286
0.0047803
4.63787
0.00421378
0.00420397
0.00914633
0.00783728
0.00479979
0.00544856
0.0610576
0.00669967
0.00505373
0.118851
0.00432984
4.28493
0.00562629
0.072747
0.00437904
0.00712736
0.00792578
0.00435907
0.00448651
0.00545124
0.004352
0.262905
8.28865
19.3413
0.00492782
5.888
0.00533102
4.13842
0.00480847
0.00515235
0.00690966
2.37259
0.781228
0.00849288
0.515492
0.776525
0.00895845
0.00556395
0.0058073
0.00533536
0.00852074
0.00706751
0.00807797
0.00545092
0.00689586
0.00453164
0.00529476
0.0071791
0.075483
0.00524615
0.00746727
0.00506794
0.0061027
0.986548
0.00490284
0.73361
0.00460368
0.215132
0.435925
0.00557603
0.0061416
0.00836631
0.00544342
0.00632319
0.0045958
0.00492951
0.00506704
3.41892
0.00457263
0.00562221
0.00504452
0.597763
2.67902
0.0111588
0.00813332
0.00670583
0.0084145
0.0061617
0.00477859
0.0077095
0.474343
0.0141753
0.249715
0.011779
3.85171
0.00600257
0.00695453
0.00573786
0.00521726
5.1329
0.00697637
0.382549
0.00718487
0.00529051
0.488444
0.00535275
0.00533311
0.00659627
0.00645321
0.00638944
0.00628855
0.0103965
1.33772
0.00462186
0.00474738
0.00453522
0.0045836
0.731019
0.00452484
0.733402
0.00576982
0.0048186
0.00449158
0.00570225
2.51386
0.00446476
0.990895
0.0050519
0.00444833
0.00610705
2.75007
0.00440003
0.0109587
0.0064982
0.0052924
0.00485427
2.5089
4.06201
0.0044919
0.00563624
0.00453139
0.0044963
0.00533605
0.00926092
0.00533525
0.00534599
2.98614
0.00501962
0.00772595
0.00452461
0.00894772
0.00780718
0.00465318
0.00543209
0.00494491
0.0051962
1.34852
0.00575564
0.00446913
0.00687472
0.00591556
0.00465655
0.00484479
0.00510279
0.00453771
0.00458593
0.00601589
0.00503233
0.00505364
0.00641524
0.49833
0.00505188
0.00463699
0.00563761
0.00459724
13.2433
0.183801
0.00903013
0.00468112
0.00540024
0.0103517
0.00608146
0.0044392
0.00532786
2.07632
0.00848844
0.127343
0.00490879
0.00559641
0.00780654
19.4549
0.00924133
0.00478969
1.72923
0.00593355
0.26459
0.006501
0.00562969
0.00500702
0.0050492
0.00534465
0.00656877
0.00920011
11.2565
0.00748519
0.00442011
0.0044758
0.00569828
0.00810529
4.92165
0.00680789
21.9362
0.00736638
0.00476927
0.00848842
0.00521747
11.181
1.25443
0.00504212
0.00692203
0.102446
0.469614
0.00812024
0.00566895
0.00648602
2.72023
0.00755084
0.00622679
0.00563198
0.00448055
0.953483
0.0051079
0.00436048
0.00631769
0.00480979
0.00725912
0.0187718
0.00469853
0.00621607
0.0088954
0.00724379
0.00533013
0.00642123
1.2702
0.00469596
0.00605643
0.00440156
0.0046863
0.00700686
0.0101828
0.218101
36.0947
0.00541881
0.00787912
0.0104021
0.00510369
0.32817
0.00832518
0.744767
0.00888244
0.0100956
0.00432913
1.02792
0.00429631
0.00878418
0.00760896
4.65976
0.00702507
1.02282
0.00538913
0.00439487
0.00591875
0.00506469
0.00477868
0.00444598
0.00792781
0.00533992
0.0165194
0.00572282
0.00463205
0.00448401
0.00502621
16.4288
0.0064177
0.00805292
0.00445083
3.47628
0.0939454
0.00647192
0.252814
0.00651894
0.00865724
0.00473979
0.00982592
1.86543
0.00490103
0.00442843
0.00961822
0.00538384
0.00538044
0.737188
0.00462701
0.00450596
0.00510494
5.94023
0.00445876
0.00452276
0.00446489
0.00653206
0.497369
0.00814426
0.005383
0.00499437
0.00455461
0.00478961
0.00542989
1.94888
0.00487524
0.00792571
0.00471895
0.00600533
0.00945685
0.00591624
4.52856
0.00811882
0.00514678
0.00449519
0.00519355
0.0075803
0.00477483
0.498366
0.00501901
1.94722
0.0074408
0.00523071
0.00693751
0.00510553
0.0044844
0.00441465
0.00581262
0.0047264
0.0047153
35.8969
0.984092
0.493256
0.00475678
0.00891218
0.00459002
0.00716631
0.587564
5.97832
4.79325
0.740393
2.69193
0.00491124
0.580576
0.00562533
0.00472008
0.00443785
1.55287
0.00450307
0.00495866
0.005575
0.00610091
0.253402
0.00590452
0.00494908
13.6664
0.00544393
1.26851
0.00433745
0.00683698
0.00496611
0.00437111
0.00519959
0.00495824
0.00448328
0.00649134
0.00725242
0.00750468
0.00730462
0.00502592
0.00434898
