0.932276
0.900478
0.943467
0.91544
0.914608
0.831155
0.843681
0.847492
0.840056
0.819131
0.919871
0.911725
0.887309
0.880751
0.823923
0.824972
0.821361
0.747007
0.818822
0.717705
0.646406
0.787091
0.671846
0.561516
0.73096
0.672783
0.827725
0.707775
0.714001
0.606173
0.62489
0.685923
0.561488
0.619779
0.608429
0.47471
0.527889
0.420551
0.461524
0.524659
0.560872
0.543049
0.438791
0.518361
0.535204
0.502443
0.552619
0.457551
0.447481
0.562744
0.507703
0.440985
0.54429
0.455022
0.461541
0.530182
0.42211
0.352028
0.458353
0.40115
0.708188
0.401595
0.391084
0.391078
0.388814
0.488924
0.360629
0.521592
0.419472
0.360368
0.347166
0.368268
0.318154
0.305419
0.447188
0.309196
0.258101
0.464089
0.445681
0.303297
0.38248
0.408136
0.602428
0.395381
0.29059
0.485876
0.605413
0.482217
0.389398
0.347197
0.31708
0.317756
0.468004
0.379331
0.416231
0.394097
0.395827
0.510005
0.296266
0.316117
0.354288
0.38721
0.46984
0.573003
0.344843
0.444487
0.39555
0.516026
0.339361
0.533113
0.42406
0.412741
0.399618
0.444436
0.403493
0.451348
0.430017
0.412492
0.430439
0.354741
0.318147
0.544974
0.413272
0.484786
0.318115
0.574087
0.291103
0.373174
0.353995
0.482062
0.368298
0.302477
0.424743
0.460022
0.419995
0.39066
0.336912
0.440039
0.440165
0.412668
0.443062
0.327704
0.337334
0.302571
0.329546
0.341386
0.325399
0.388212
0.333204
0.366383
0.363242
0.371654
0.365645
0.576176
0.388017
0.462593
0.367214
0.32794
0.342874
0.492867
0.408532
0.288647
0.377849
0.320117
0.347191
0.698119
0.412164
0.348576
0.512792
0.36211
0.39161
0.358972
0.545503
0.303706
0.310635
0.432748
0.394384
0.386741
0.331619
0.343862
0.361137
0.54402
0.318276
0.312277
0.286888
0.416402
0.328605
0.409668
0.306301
0.313008
0.34465
0.334667
0.389572
0.413712
0.3386
0.474219
0.324329
0.353251
0.408056
0.470532
0.376582
0.438572
0.394335
0.357787
0.387157
0.414456
0.33886
0.330978
0.411233
0.444118
0.463944
0.439381
0.365624
0.367442
0.418621
0.380583
0.760188
0.360233
0.373152
0.448825
0.376449
0.343556
0.382801
0.338118
0.345881
0.424705
0.538408
0.438185
0.341312
0.370433
0.321619
0.291116
0.402917
0.495168
0.408584
0.321545
0.343999
0.309418
0.376224
0.305282
0.443793
0.319271
0.309684
0.339914
0.349886
0.349222
0.348874
0.359086
0.469672
0.558253
0.522262
0.408549
0.47761
0.302407
0.298498
0.360257
0.541156
0.604323
0.340368
0.350401
0.34751
0.545748
0.298907
0.532658
0.486298
0.294952
0.302731
0.408442
0.354786
0.358213
0.421998
0.4483
0.586785
0.37224
0.333536
0.380238
0.403972
0.301659
0.342708
0.325951
0.489842
0.353119
0.361117
0.303048
0.364956
0.326704
0.456905
0.30899
0.372482
0.327672
0.403014
0.28487
0.340229
0.290739
0.272293
0.352333
0.294999
0.375058
0.404873
0.356723
0.301089
0.334289
0.314074
0.292539
0.27084
0.266157
0.326072
0.380202
0.454561
0.365587
0.359662
0.365455
0.51238
0.469885
0.340835
0.323606
0.291359
0.298655
0.314121
0.300419
0.406474
0.35657
0.409748
0.284762
0.462253
0.380283
0.327199
0.374683
0.333621
0.297816
0.307923
0.477391
0.270514
0.273282
0.357521
0.34217
0.263636
0.259865
0.445756
0.280858
0.381575
0.404653
0.289977
0.287954
0.328951
0.400318
0.341004
0.295691
0.358853
0.286297
0.497789
0.300665
0.280661
0.519172
0.294953
0.347394
0.293973
0.238864
0.304728
0.355183
0.319614
0.39486
0.342089
0.516297
0.421078
0.364301
0.361127
0.301006
0.26894
0.277175
0.432744
0.262638
0.393115
0.249958
0.329179
0.241403
0.302451
0.248368
0.341094
0.322143
0.329953
0.427649
0.363859
0.320778
0.348893
0.338809
0.34957
0.278591
0.274396
0.329264
0.317439
0.310325
0.28099
0.271987
0.367018
0.394507
0.2665
0.307656
0.559603
0.285295
0.256466
0.26253
0.335007
0.377102
0.241617
0.349707
0.320176
0.287479
0.361126
0.492753
0.414261
0.355093
0.314103
0.243953
0.360093
0.253024
0.272633
0.244415
0.262008
0.528976
0.31052
0.32023
0.282984
0.337607
0.355153
0.286074
0.378406
0.25873
0.27929
0.274393
0.388817
0.382378
0.312642
0.359522
0.311775
0.253067
0.278297
0.42281
0.271315
0.27073
0.568827
0.541844
0.332843
0.348723
0.317321
0.266596
0.234774
0.423773
0.344102
0.409773
0.346766
0.260174
0.344388
0.452433
0.284404
0.204643
0.499335
0.255064
0.367445
0.280328
0.243481
0.400482
0.226468
0.315709
0.255142
0.444844
0.271094
0.262949
0.445551
0.382478
0.282924
0.395366
0.231683
0.245423
0.375865
0.321088
0.334852
0.251398
0.294391
0.29742
0.207922
0.48583
0.500232
0.411129
0.257214
0.363614
0.28429
0.2916
0.601081
0.367573
0.393675
0.232856
0.433055
0.34327
0.229954
0.236759
0.267197
0.288831
0.324995
0.21778
0.280593
0.205808
0.279355
0.330116
0.278033
0.5401
0.317017
0.225873
0.245728
0.308581
0.42489
0.217673
0.353097
0.19997
0.31288
0.254337
0.376715
0.346984
0.260931
0.280055
0.266074
0.265169
0.501696
0.259147
0.330981
0.413488
0.253182
0.375482
0.236493
0.331707
0.390261
0.34569
0.314577
0.321693
0.335017
0.30113
0.459021
0.351491
0.300165
0.318378
0.426759
0.205962
0.257777
0.313115
0.314269
0.280401
0.265472
0.312013
0.382516
0.203161
0.250068
0.248969
0.248298
0.440658
0.331219
0.239463
0.342576
0.396203
0.3965
0.210729
0.217922
0.369259
0.309399
0.252018
0.234126
0.212593
0.246621
0.340483
0.208269
0.321295
0.208792
0.439268
0.238372
0.224945
0.40504
0.29715
0.418084
0.247153
0.338457
0.213074
0.274244
0.346439
0.483415
0.260455
0.241886
0.353008
0.322081
0.309151
0.240549
0.220114
0.294169
0.311638
0.3225
0.312593
0.278303
0.432209
0.299479
0.259726
0.253663
0.407529
0.209437
0.351217
0.297862
0.265528
0.348092
0.337146
0.265667
0.204454
0.362487
0.563026
0.301298
0.258275
0.260098
0.25843
0.383225
0.41084
0.204623
0.362601
0.405532
0.254279
0.327635
0.223203
0.258318
0.224235
0.211426
0.251491
0.435239
0.234107
0.383235
0.317011
0.380176
0.288381
0.280201
0.294367
0.259653
0.351936
0.400424
0.215515
0.27785
0.191638
0.241082
0.307919
0.262201
0.218848
0.261941
0.27445
0.358469
0.401981
0.221948
0.270774
0.249926
0.358472
0.553654
0.293949
0.363721
0.213592
0.309146
0.238916
0.280934
0.231535
0.321425
0.45632
0.42957
0.250245
0.205329
0.2984
0.210941
0.317548
0.242521
0.257072
0.303692
0.373421
0.415485
0.184061
0.220909
0.33655
0.244088
0.283401
0.175145
0.493563
0.17474
0.286803
0.280463
0.300532
0.270608
0.167158
0.25743
0.316269
0.295891
0.271761
0.200184
0.358695
0.204173
0.25486
0.210712
0.246022
0.186909
0.405752
0.372399
0.219384
0.273701
0.371481
0.257814
0.421881
0.513174
0.309191
0.29374
0.285522
0.494773
0.230554
0.27931
0.152121
0.239892
0.274305
0.254314
0.316167
0.479259
0.201493
0.25704
0.297114
0.207809
0.305226
0.254011
0.151017
0.31636
0.41909
0.184659
0.408134
0.299067
0.261244
0.281422
0.389925
0.270675
0.269229
0.164016
0.421487
0.607419
0.244197
0.244186
0.351586
0.313947
0.24141
0.300812
0.271705
0.297032
0.227563
0.236358
0.194765
0.246912
0.293668
0.252224
0.257636
0.242873
0.235745
0.365201
0.263836
0.469118
0.190738
0.26238
0.364803
0.403548
0.347176
0.27937
0.2215
0.232565
0.223238
0.239702
0.278793
0.453966
0.366237
0.360813
0.197928
0.18077
0.17036
0.266571
0.199224
0.253892
0.186953
0.347148
0.278965
0.293548
0.231366
0.221048
0.285075
0.425173
0.231673
0.262113
0.233078
0.211467
0.162012
0.2575
0.18943
0.318001
0.268116
0.239412
0.205314
0.399564
0.213633
0.226085
0.290108
0.222027
0.419309
0.22532
0.300376
0.388192
0.358694
0.28472
0.234105
0.381324
0.398809
0.18769
0.305332
0.267953
0.231226
0.243667
0.481725
0.535919
0.317384
0.232722
0.231688
0.25886
0.2751
0.228114
0.244867
0.232043
0.218353
0.199382
0.394368
0.183756
0.208477
0.263207
0.248954
0.275477
0.191313
0.24202
0.265193
0.16001
0.205293
0.273972
0.233413
0.247705
0.360237
0.410089
0.347164
0.262472
0.285462
0.21331
0.21608
0.279457
0.240651
0.249956
0.171655
0.366927
0.310793
0.161382
0.265063
0.202924
0.163917
0.282853
0.212239
0.377096
0.249714
0.341572
0.169884
0.280641
0.312929
0.300394
0.195023
0.171926
0.230832
0.21693
0.273317
0.327354
0.265601
0.274825
0.165027
0.157796
0.27217
0.313224
0.199279
0.250113
0.187816
0.301147
0.329602
0.417109
0.282616
0.240057
0.2825
0.240348
0.211203
0.3219
0.301106
0.4128
0.218761
0.277951
0.39203
0.198413
0.220527
0.203375
0.206653
0.252284
0.268224
0.251512
0.531076
0.343123
0.2916
0.33584
0.312697
0.157102
0.289069
0.356434
0.185616
0.18335
0.28506
0.234456
0.17692
0.33041
0.271706
0.276408
0.25053
0.172657
0.344832
0.34864
0.205925
0.236307
0.248284
0.1541
0.166354
0.394568
0.363378
0.176343
0.316413
0.215443
0.289883
0.221645
0.348034
0.164106
0.15235
0.284283
0.152436
0.162787
0.369334
0.266653
0.344725
0.176429
0.248301
0.22608
0.207515
0.233977
0.329874
0.14024
0.211315
0.197488
0.192703
0.259778
0.226501
0.154664
0.166897
0.29973
0.150478
0.2963
0.139483
0.173595
0.275555
0.335206
0.179921
0.171474
0.315575
0.162655
0.236281
0.176047
0.397316
0.225187
0.366535
0.411246
0.158597
0.215763
0.152647
0.143545
0.165435
0.253672
0.226269
0.211048
0.28928
0.298706
0.24529
0.289468
0.195166
0.198795
0.174881
0.230104
0.39121
0.199655
0.373358
0.237037
0.192395
0.289882
0.129816
0.254688
0.175485
0.173206
0.223322
0.285723
0.249526
0.338555
0.449187
0.232319
0.275899
0.270595
0.163354
0.251737
0.200251
0.156273
0.327737
0.171686
0.25796
0.159693
0.313841
0.202826
0.289159
0.283943
0.25693
0.323483
0.185676
0.27568
0.173343
0.138536
0.282071
0.459883
0.196458
0.220154
0.343595
0.186453
0.14016
0.256501
0.162219
0.297072
0.258353
0.217877
0.415554
0.13478
0.249891
0.198237
0.444292
0.123514
0.168596
0.231382
0.150663
0.139457
0.178178
0.236184
0.288001
0.165016
0.242718
0.206604
0.160665
0.237979
0.180036
0.192543
0.196086
0.268722
0.273347
0.168435
0.233243
0.274631
0.31317
0.273392
0.300686
0.239532
0.435172
0.374657
0.47785
0.213128
0.238055
0.249078
0.338588
0.196927
0.276715
0.223995
0.306229
0.17714
0.148906
0.228266
0.301372
0.171893
0.21039
0.380136
0.22601
0.227752
0.262578
0.200648
0.198203
0.216216
0.303321
0.319346
0.34351
0.350094
0.211948
0.19365
0.150235
0.276993
0.27234
0.348562
0.123323
0.22907
0.319733
0.147945
0.186601
0.307239
0.178399
0.262161
0.278423
0.193251
0.439047
0.141174
0.244418
0.173269
0.176133
0.182456
0.173092
0.177851
0.250515
0.269978
0.316206
0.281863
0.259824
0.345622
0.161838
0.142451
0.23239
0.236665
0.235587
0.235493
0.329478
0.543804
0.144478
0.198622
0.230402
0.4433
0.194251
0.28434
0.207197
0.133722
0.134776
0.194237
0.235666
0.179637
0.228356
0.21256
0.282887
0.176248
0.284382
0.178099
0.16423
0.138803
0.541161
0.178077
0.124334
0.225304
0.311711
0.184665
0.287137
0.192518
0.189896
0.332691
0.137858
0.19584
0.153157
0.148653
0.235879
0.209279
0.192276
0.203811
0.386043
0.157018
0.316031
0.177369
0.117782
0.241179
0.169015
0.364487
0.221052
0.175265
0.202296
0.197187
0.16965
0.254686
0.448376
0.124566
0.206188
0.19777
0.27388
0.255469
0.294651
0.257817
0.155127
0.202881
0.15298
0.150048
0.40576
0.304461
0.145392
0.147203
0.224541
0.194172
0.212005
0.312082
0.156567
0.181452
0.260961
0.146253
0.279265
0.226109
0.120991
0.197886
0.14841
0.17004
0.127676
0.158377
0.224794
0.18298
0.179315
0.118637
0.453845
0.225231
0.187077
0.170344
0.148118
0.405029
0.180823
0.387204
0.180941
0.151609
0.293264
0.163196
0.183439
0.121606
0.199292
0.171158
0.11683
0.161354
0.277409
0.293588
0.191989
0.347615
0.311168
0.218846
0.170225
0.365806
0.138025
0.368806
0.228109
0.132229
0.221773
0.189213
0.292385
0.214808
0.15682
0.147081
0.114127
0.189607
0.112097
0.179906
0.156662
0.14587
0.209509
0.25547
0.196209
0.204346
0.337345
0.302842
0.142371
0.146521
0.32488
0.192008
0.144468
0.202885
0.31596
0.416101
0.254953
0.168477
0.293964
0.206293
0.198213
0.146303
0.230921
0.192011
0.191816
0.435101
0.196315
0.133891
0.16064
0.122535
0.26171
0.242853
0.231515
0.319755
0.215999
0.481095
0.147272
0.215563
0.129645
0.123753
0.156719
0.161657
0.246476
0.201796
0.216163
0.175884
0.415504
0.143237
0.200605
0.132333
0.144162
0.145228
0.329611
0.202211
0.22211
0.219744
0.174729
0.25559
0.123411
0.234896
0.159388
0.135667
0.126953
0.154341
0.129236
0.206695
0.203149
0.34256
0.18007
0.146986
0.195043
0.170187
0.405462
0.439144
0.280776
0.221789
0.142803
0.166177
0.264407
0.192209
0.154253
0.464506
0.135136
0.180843
0.163331
0.203812
0.167613
0.130923
0.129147
0.177051
0.30559
0.352511
0.182971
0.259513
0.263314
0.156595
0.334344
0.141425
0.152442
0.129626
0.29036
0.200542
0.132814
0.342234
0.192902
0.13279
0.165023
0.275429
0.343287
0.341623
0.197728
0.224303
0.120305
0.291924
0.131398
0.185896
0.16833
0.35837
0.201236
0.173971
0.231549
0.115188
0.121076
0.174612
0.121667
0.309927
0.332574
0.267835
0.115048
0.176227
0.337017
0.121853
0.159703
0.265006
0.222799
0.153705
0.24117
0.241203
0.173377
0.170018
0.234701
0.158666
0.218069
0.150081
0.158698
0.204445
0.140696
0.30497
0.144311
0.173412
0.212699
0.121924
0.193727
0.246768
0.236274
0.288573
0.168265
0.11829
0.219963
0.204312
0.39617
0.108716
0.236504
0.191058
0.162369
0.240551
0.18638
0.216493
0.261119
0.222893
0.327201
0.108294
0.175745
0.137147
0.348447
0.146787
0.123631
0.207821
0.108202
0.218609
0.186129
0.292624
0.235968
0.1749
0.219359
0.328265
0.203383
0.218738
0.160049
0.215001
0.249744
0.28064
0.208084
0.271917
0.207356
0.156174
0.366589
0.175561
0.223884
0.181232
0.295599
0.20592
0.267751
0.221042
0.226995
0.204021
0.298082
0.152939
0.194368
0.129814
0.199063
0.25736
0.164251
0.142724
0.177755
0.198872
0.408261
0.122327
0.168506
0.112872
0.223122
0.137917
0.195276
0.19453
0.116202
0.324355
0.128581
0.149983
0.163981
0.394993
0.272009
0.224033
0.304269
0.432358
0.251565
0.268846
0.300477
0.22735
0.258307
0.138795
0.239968
0.317548
0.161179
0.255685
0.135644
0.219757
0.278546
0.163253
0.258477
0.12208
0.26011
0.214664
0.1572
0.206933
0.121081
0.107864
0.219241
0.219974
0.152062
0.277969
0.341384
0.107723
0.133114
0.137501
0.177823
0.236797
0.327591
0.173268
0.118395
0.128779
0.107819
0.250026
0.41201
0.292611
0.235891
0.239552
0.225797
0.127069
0.304521
0.174457
0.218293
0.549559
0.221894
0.181146
0.161128
0.198688
0.20529
0.224017
0.231826
0.162826
0.145559
0.522002
0.218307
0.114812
0.250482
0.2544
0.264776
0.261453
0.210823
0.107689
0.302543
0.166016
0.282114
0.211142
0.155293
0.1808
0.321531
0.298352
0.133081
0.531082
0.233337
0.286465
0.189306
0.174666
0.198734
0.141887
0.195548
0.138719
0.382198
0.153343
0.265571
0.317899
0.156285
0.136823
0.473697
0.18191
0.148777
0.130399
0.258442
0.137989
0.30212
0.198668
0.32047
0.52183
0.115751
0.334411
0.202794
0.145277
0.253873
0.310676
0.5501
0.172403
0.168279
0.475298
0.130531
0.193799
0.32862
0.313078
0.15738
0.171834
0.129811
0.308348
0.319126
0.152752
0.255036
0.252196
0.310753
0.256687
0.244881
0.270389
0.156662
0.268997
0.190551
0.131391
0.179409
0.168608
0.500457
0.147399
0.322126
0.220787
0.14904
0.21502
0.210686
0.191318
0.277856
0.282306
0.432641
0.198506
0.136328
0.155609
0.280584
0.146285
0.246784
0.258305
0.217261
0.197262
0.162379
0.406077
0.216768
0.283005
0.172489
0.178671
0.202638
0.131454
0.130497
0.191733
0.185925
0.135044
0.185118
0.317674
0.268266
0.196494
0.352632
0.233455
0.282031
0.238628
0.21678
0.346393
0.125876
0.150783
0.183012
0.107999
0.1981
0.139218
0.150334
0.219918
0.159143
0.1327
0.322965
0.350837
0.254727
0.474186
0.163073
0.195312
0.155456
0.172742
0.148622
0.170226
0.225022
0.165846
0.227531
0.252359
0.156043
0.229556
0.270424
0.221924
0.149293
0.150863
0.243546
0.139332
0.145436
0.119926
0.120367
0.121945
0.216823
0.143829
0.295428
0.222419
0.109178
0.17916
0.656724
0.617813
0.194292
0.30089
0.261501
0.203035
0.18839
0.176271
0.109005
0.143296
0.115859
0.339663
0.281533
0.201039
0.437165
0.348951
0.214438
0.120321
0.287347
0.138504
0.247494
0.11796
0.236226
0.249293
0.246634
0.231488
0.241348
0.252718
0.415162
0.15614
0.591985
0.331243
0.107532
0.14958
0.228254
0.12707
0.11048
0.447919
0.431362
0.162458
0.188822
0.110452
0.122416
0.272014
0.448116
0.227925
0.279874
0.269949
0.119802
0.318583
0.299159
0.27567
0.242836
0.119723
0.321041
0.243723
0.203059
0.454115
0.156291
0.228774
0.206758
0.22395
0.115579
0.228787
0.362317
0.121436
0.274981
0.186257
0.178045
0.151383
0.228923
0.262191
0.31368
0.119695
0.220025
0.15091
0.199023
0.232969
0.156614
0.355501
0.202328
0.200102
0.147094
0.187449
0.183534
0.174613
0.229474
0.326188
0.118692
0.38668
0.345396
0.211067
0.184656
0.328263
0.117074
0.134448
0.214811
0.164431
0.22353
0.173416
0.270824
0.140619
0.221463
0.283518
0.184502
0.192856
0.189219
0.295076
0.143844
0.228192
0.289134
0.164847
0.281369
0.215452
0.322168
0.138792
0.146745
0.232797
0.156228
0.232424
0.196617
0.153554
0.110614
0.165241
0.222505
0.261368
0.222037
0.231108
0.137338
0.272681
0.239699
0.405791
0.231955
0.176074
0.332347
0.281097
0.110399
0.280677
0.321817
0.149381
0.118236
0.109676
0.203472
0.226828
0.150024
0.407632
0.112015
0.133448
0.130585
0.48425
0.128978
0.299446
0.19861
0.113757
0.205184
0.24978
0.259414
0.202883
0.299276
0.167419
0.265319
0.180418
0.165145
0.241562
0.198625
0.193254
0.389455
0.136694
0.303621
0.228198
0.243087
0.155557
0.442082
0.283685
0.107309
0.171282
0.269218
0.270836
0.205297
0.107307
0.431096
0.290391
0.210123
0.182616
0.246322
0.29975
0.117791
0.257936
0.183628
0.223945
0.366834
0.260283
0.463523
0.31639
0.350733
0.129686
0.370297
0.113088
0.405587
0.223649
0.108144
0.301548
0.146973
0.154392
0.108557
0.29707
0.17263
0.187749
0.301681
0.266597
0.512897
0.121503
0.29014
0.263803
0.225413
0.229567
0.397152
0.322055
0.149772
0.226634
0.39144
0.202254
0.245103
0.206077
0.223852
0.248518
0.354083
0.124758
0.19363
0.250111
0.142711
0.155845
0.234904
0.156801
0.108784
0.237503
0.121298
0.159336
0.336498
0.209222
0.317402
0.130247
0.17522
0.264469
0.247606
0.250171
0.147221
0.183163
0.120162
0.211627
0.408087
0.109697
0.180872
0.182858
0.197078
0.249352
0.149003
0.206659
0.213935
0.226995
0.250749
0.19872
0.272954
0.13101
0.18081
0.11751
0.186596
0.133557
0.163065
0.111618
0.305265
0.15665
0.294043
0.167717
0.159282
0.158221
0.169036
0.252387
0.403059
0.218889
0.227913
0.463348
0.147035
0.359735
0.240011
0.27767
0.108987
