-1.26275
-1.28471
-1.32841
-1.27314
-1.21735
-1.33364
-1.24333
-1.28504
-1.24393
-1.28181
-1.26599
-1.25121
-1.28216
-1.28687
-1.24483
-1.26333
-1.23645
-1.2162
-1.17749
-1.31079
-1.22682
-1.23307
-1.26076
-1.3186
-1.35264
-1.2748
-1.32704
-1.34168
-1.37434
-1.27268
-1.26806
-1.44045
-1.35132
-1.33694
-1.25987
-1.24185
-1.25447
-1.27161
-1.27567
-1.18939
-1.19346
-1.24014
-1.16574
-1.20256
-1.21072
-1.16129
-1.16569
-1.26127
-1.24225
-1.18013
-1.21478
-1.24067
-1.25405
-1.16198
-1.19754
-1.24554
-1.13261
-1.28283
-1.29689
-1.3043
-1.23992
-1.16845
-1.26038
-1.2811
-1.23146
-1.22815
-1.19114
-1.21954
-1.23371
-1.29287
-1.24695
-1.25639
-1.20191
-1.24411
-1.26198
-1.24186
-1.16118
-1.18004
-1.27492
-1.17124
-1.28271
-1.2268
-1.18814
-1.27099
-1.14983
-1.23751
-1.186
-1.21666
-1.15105
-1.1612
-1.20287
-1.24551
-1.20949
-1.2259
-1.1976
-1.1503
-1.15289
-1.18921
-1.18182
-1.20566
-1.22017
-1.1914
-1.25788
-1.21025
-1.23491
-1.17559
-1.21667
-1.12179
-1.14574
-1.19476
-1.26061
-1.22377
-1.18434
-1.21782
-1.25825
-1.16076
-1.27293
-1.17655
-1.24993
-1.27533
-1.18507
-1.19509
-1.24513
-1.21202
-1.19047
-1.19255
-1.15284
-1.18104
-1.2271
-1.19159
-1.18597
-1.15636
-1.13696
-1.23865
-1.17906
-1.23675
-1.16558
-1.19731
-1.16869
-1.2077
-1.17454
-1.20445
-1.22245
-1.1365
-1.15291
-1.21825
-1.1364
-1.17279
-1.10478
-1.18019
-1.19879
-1.18625
-1.12712
-1.20776
-1.15388
-1.24404
-1.21512
-1.13463
-1.20801
-1.1796
-1.17498
-1.18329
-1.12451
-1.244
-1.17716
-1.18805
-1.1892
-1.20709
-1.14102
-1.14091
-1.21545
-1.08936
-1.18201
-1.1675
-1.25463
-1.10542
-1.11866
-1.21218
-1.25416
-1.16731
-1.14947
-1.19152
-1.14487
-1.16601
-1.19617
-1.21517
-1.15262
-1.14766
-1.10157
-1.17768
-1.18412
-1.17024
-1.0916
-1.13246
-1.14314
-1.17136
-1.13359
-1.18782
-1.12265
-1.14019
-1.18409
-1.08241
-1.15474
-1.1886
-1.17061
-1.13714
-1.13599
-1.1644
-1.18643
-1.17593
-1.13907
-1.19332
-1.11035
-1.14829
-1.19904
-1.14658
-1.10792
-1.17431
-1.20464
-1.12805
-1.15172
-1.21911
-1.15203
-1.13608
-1.16112
-1.21902
-1.11062
-1.16133
-1.18114
-1.16884
-1.22644
-1.16732
-1.1466
-1.14396
-1.21132
-1.17677
-1.11225
-1.18135
-1.13981
-1.14976
-1.23454
-1.18304
-1.16742
-1.10037
-1.17982
-1.16416
-1.14244
-1.11976
-1.19687
-1.14246
-1.18915
-1.20024
-1.19135
-1.2119
-1.21373
-1.18916
-1.20705
-1.21618
-1.17282
-1.21146
-1.19007
-1.20473
-1.18346
-1.18448
-1.19789
-1.19286
-1.19993
-1.2044
-1.20391
-1.17573
-1.19183
-1.21068
-1.18796
-1.22162
-1.24839
-1.12067
-1.19653
-1.16343
-1.21228
-1.15964
-1.17228
-1.17933
-1.17836
-1.15133
-1.16859
-1.19894
-1.14841
-1.17978
-1.09685
-1.17701
-1.2034
-1.14315
-1.15601
-1.15678
-1.1868
-1.2573
-1.23932
-1.14379
-1.14945
-1.16397
-1.17254
-1.17835
-1.14406
-1.24006
-1.18147
-1.19517
-1.18384
-1.21354
-1.1992
-1.18165
-1.19317
-1.2127
-1.16561
-1.17507
-1.19331
-1.14805
-1.18058
-1.15402
-1.17219
-1.17602
-1.14017
-1.157
-1.23439
-1.26072
-1.17877
-1.18238
-1.20566
-1.14845
-1.18619
-1.20552
-1.22685
-1.20941
-1.20495
-1.13937
-1.20429
-1.16891
-1.23218
-1.17301
-1.19032
-1.19977
-1.12055
-1.17004
-1.17322
-1.23087
-1.15063
-1.21142
-1.18054
-1.15674
-1.19015
-1.19434
-1.1966
-1.17991
-1.18307
-1.18194
-1.22917
-1.16806
-1.19068
-1.18549
-1.20429
-1.20207
-1.18457
-1.2019
-1.16373
-1.22807
-1.13861
-1.20829
-1.1377
-1.19868
-1.16364
-1.17338
-1.17939
-1.26811
-1.12639
-1.19935
-1.16472
-1.15626
-1.2115
-1.17218
-1.2162
-1.13251
-1.15926
-1.18229
-1.15211
-1.23868
-1.20576
-1.15925
-1.18092
-1.18072
-1.23262
-1.2214
-1.1779
-1.22298
-1.07192
-1.16048
-1.25072
-1.20296
-1.16101
-1.18176
-1.24439
-1.18253
-1.22277
-1.22946
-1.21547
-1.22185
-1.19875
-1.17591
-1.16237
-1.2168
-1.12659
-1.18692
-1.16527
-1.15824
-1.16832
-1.17365
-1.1988
-1.16903
-1.16575
-1.21148
-1.15265
-1.16307
-1.12488
-1.14353
-1.22233
-1.16846
-1.21605
-1.19208
-1.2109
-1.13332
-1.18375
-1.16342
-1.19759
-1.20498
-1.16094
-1.16507
-1.18568
-1.15183
-1.18045
-1.14019
-1.23868
-1.13427
-1.1819
-1.21269
-1.18764
-1.15524
-1.14455
-1.14403
-1.11669
-1.16368
-1.19953
-1.22258
-1.18318
-1.20694
-1.17942
-1.17959
-1.15904
-1.21187
-1.16502
-1.18342
-1.18621
-1.23684
-1.20058
-1.19168
-1.15994
-1.24702
-1.21003
-1.13988
-1.21295
-1.21362
-1.189
-1.23256
-1.20462
-1.26898
-1.22154
-1.18115
-1.22673
-1.18938
-1.1452
-1.24741
-1.20577
-1.1936
-1.23119
-1.17967
-1.25941
-1.22787
-1.16742
-1.18433
-1.17517
-1.20657
-1.19944
-1.15789
-1.2267
-1.22329
-1.24864
-1.21431
-1.18664
-1.19803
-1.16937
-1.27556
-1.1824
-1.24459
-1.27165
-1.19086
-1.21409
-1.22237
-1.21318
-1.23482
-1.21028
-1.23353
-1.16242
-1.15905
-1.23972
-1.18506
-1.25444
-1.2019
-1.23816
-1.21068
-1.19364
-1.21444
-1.26548
-1.23209
-1.20553
-1.26462
-1.29811
-1.20918
-1.20589
-1.21849
-1.20973
-1.21035
-1.27422
-1.23498
-1.17666
-1.24739
-1.28022
-1.19352
-1.15414
-1.2261
-1.24872
-1.17518
-1.23111
-1.2631
-1.27601
-1.2278
-1.20626
-1.22807
-1.16786
-1.20937
-1.19088
-1.21848
-1.28943
-1.21323
-1.32318
-1.14476
-1.20315
-1.20496
-1.17651
-1.20288
-1.30258
-1.26068
-1.21326
-1.26315
-1.17099
-1.25382
-1.18276
-1.16726
-1.15674
-1.18738
-1.21563
-1.19547
-1.20073
-1.29856
-1.32005
-1.21862
-1.20644
-1.19156
-1.1841
-1.35146
-1.17729
-1.16558
-1.17118
-1.2097
-1.29276
-1.26746
-1.19093
-1.2095
-1.15855
-1.28783
-1.1823
-1.20737
-1.16531
-1.19426
-1.1628
-1.18953
-1.23515
-1.1592
-1.17377
-1.15917
-1.14461
-1.22381
-1.14432
-1.2108
-1.17919
-1.10932
-1.12128
-1.18721
-1.17536
-1.14759
-1.18551
-1.23543
-1.20546
-1.15432
-1.08643
-1.16519
-1.13229
-1.22668
-1.15224
-1.15652
-1.15336
-1.14109
-1.12104
-1.16864
-1.20902
-1.1034
-1.18438
-1.19953
-1.1955
-1.1748
-1.20489
-1.10096
-1.2185
-1.19115
-1.12174
-1.06305
-1.17276
-1.2005
-1.20077
-1.17304
-1.11463
-1.21256
-1.19618
-1.13142
-1.15176
-1.14944
-1.14871
-1.16631
-1.17774
-1.11885
-1.15587
-1.16634
-1.10693
-1.13581
-1.21049
-1.14981
-1.15807
-1.12201
-1.13014
-1.15102
-1.16357
-1.14587
-1.08047
-1.194
-1.12241
-1.14883
-1.13121
-1.17776
-1.09832
-1.21003
-1.19724
-1.08865
-1.1461
-1.17377
-1.14572
-1.15292
-1.11211
-1.12095
-1.14721
-1.12978
-1.10248
-1.16157
-1.14141
-1.14562
-1.14099
-1.07996
-1.18198
-1.14991
-1.11833
-1.03785
-1.14099
-1.12253
-1.07578
-1.12029
-1.1952
-1.14485
-1.09609
-1.14659
-1.1666
-1.10597
-1.1449
-1.13701
-1.10919
-1.10154
-1.07164
-1.14692
-1.12227
-1.12339
-1.14766
-1.11616
-1.05031
-1.07408
-1.04328
-1.12742
-1.13991
-1.16029
-1.05783
-1.09264
-1.12064
-1.11729
-1.10975
-1.05318
-1.13331
-1.09611
-1.1402
-1.08317
-1.07095
-1.05554
-1.08615
-1.15771
-1.09197
-1.10303
-1.1491
-1.14253
-1.0715
-1.09879
-1.10732
-1.17575
-1.09868
-1.11137
-1.09137
-1.02514
-1.02224
-1.08176
-1.07954
-1.1037
-1.07267
-1.13056
-1.10809
-1.0961
-1.13176
-1.1016
-1.1101
-1.12992
-1.07391
-1.11866
-1.11278
-1.07682
-1.09547
-1.08497
-1.13424
-1.14
-1.04079
-1.09958
-1.14604
-1.09262
-1.12762
-1.08467
-1.08375
-1.12712
-1.11865
-1.14262
-1.109
-1.03876
-1.06114
-1.10279
-1.15633
-1.08445
-1.10369
-1.05151
-1.05205
-1.04356
-1.08428
-1.08025
-1.12544
-1.03815
-1.11891
-1.13005
-1.14188
-1.07945
-1.12273
-1.12451
-1.10541
-1.05991
-1.11067
-1.07095
-1.11099
-1.13406
-1.14711
-1.12002
-1.10571
-1.10359
-1.10207
-1.13437
-1.10264
-1.03641
-1.0953
-1.15647
-1.06689
-1.07477
-1.12605
-1.08264
-1.10322
-1.10889
-1.14477
-1.10022
-1.08854
-1.05962
-1.17587
-1.12876
-1.14154
-1.15366
-1.12656
-1.10342
-1.11642
-1.12867
-1.14395
-1.11031
-1.08159
-1.13013
-1.13175
-1.13138
-1.10571
-1.09415
-1.13725
-1.03113
-1.08925
-1.10829
-1.13634
-1.16301
-1.08957
-1.15216
-1.1448
-1.09058
-1.08138
-1.13578
-1.15851
-1.15387
-1.08574
-1.12411
-1.07436
-1.07032
-1.06418
-1.13761
-1.09792
-1.15427
-1.06078
-1.13095
-1.18295
-1.12594
-1.10943
-1.04369
-1.14173
-1.09034
-1.12734
-1.11933
-1.07845
-1.09093
-1.13999
-1.12321
-1.17843
-1.09149
-1.12322
-1.09942
-1.10785
-1.1192
-1.12909
-1.15319
-1.1509
-1.07764
-1.13499
-1.13408
-1.08892
-1.18536
-1.11861
-1.10897
-1.11183
-1.14121
-1.17522
-1.13695
-1.1123
-1.12579
-1.10844
-1.17976
-1.10642
-1.10547
-1.17674
-1.12347
-1.10633
-1.15936
-1.19422
-1.11225
-1.16505
-1.12935
-1.18778
-1.13028
-1.09812
-1.15412
-1.06615
-1.1174
-1.10039
-1.11735
-1.13053
-1.10868
-1.18673
-1.08763
-1.14818
-1.15246
-1.14803
-1.15232
-1.19168
-1.10437
-1.08951
-1.08382
-1.16187
-1.08993
-1.13464
-1.18471
-1.1634
-1.12462
-1.15343
-1.08477
-1.10321
-1.09634
-1.15873
-1.09793
-1.1952
-1.13223
-1.18701
-1.0633
-1.1391
-1.15027
-1.10302
-1.13532
-1.084
-1.17337
-1.10609
-1.09282
-1.06089
-1.17427
-1.18578
-1.1875
-1.16004
-1.12473
-1.14157
-1.09252
-1.11695
-1.09502
-1.10092
-1.1728
-1.14445
-1.18898
-1.11162
-1.07702
-1.13254
-1.21935
-1.18296
-1.13628
-1.2072
-1.16796
-1.10863
-1.15716
-1.1588
-1.15352
-1.1908
-1.17977
-1.15323
-1.21707
-1.13741
-1.13378
-1.14349
-1.11582
-1.15125
-1.19583
-1.09386
-1.14802
-1.13227
-1.14588
-1.15759
-1.13544
-1.09977
-1.10803
-1.11179
-1.12238
-1.12564
-1.15944
-1.08032
-1.15737
-1.06522
-1.15518
-1.13029
-1.15115
-1.11729
-1.16367
-1.0876
-1.18287
-1.16373
-1.10759
-1.18646
-1.14542
-1.11477
-1.09621
-1.16109
-1.18906
-1.09243
-1.15512
-1.12703
-1.15278
-1.15211
-1.18011
-1.09881
-1.11137
-1.11679
-1.0824
-1.16073
-1.17134
-1.14107
-1.14429
-1.16246
-1.11997
-1.10952
-1.12259
-1.10726
-1.15061
-1.12702
-1.111
-1.14741
-1.16538
-1.1772
-1.16458
-1.10066
-1.13107
-1.12782
-1.12853
-1.17086
-1.16297
-1.14978
-1.17942
-1.04729
-1.12952
-1.1686
-1.15884
-1.1996
-1.16286
-1.12153
-1.11694
-1.08551
-1.17286
-1.15075
-1.2057
-1.17326
-1.15226
-1.17405
-1.13201
-1.20629
-1.14211
-1.13599
-1.17682
-1.19232
-1.1921
-1.14169
-1.23182
-1.14714
-1.18361
-1.22189
-1.18285
-1.17458
-1.13841
-1.17428
-1.20692
-1.15965
-1.17052
-1.16847
-1.12923
-1.20017
-1.14433
-1.14614
-1.16931
-1.1792
-1.16066
-1.17764
-1.16405
-1.13163
-1.1481
-1.1501
-1.2196
-1.15074
-1.17352
-1.10372
-1.17207
-1.18914
-1.13611
-1.19236
-1.12188
-1.16235
-1.21904
-1.13422
-1.20574
-1.1852
-1.15066
-1.18906
-1.13518
-1.14628
-1.17546
-1.20831
-1.19196
-1.19207
-1.13112
-1.13172
-1.20977
-1.14676
-1.20827
-1.13533
-1.18759
-1.16005
-1.18444
-1.16326
-1.16518
-1.18113
-1.19547
-1.21447
-1.25618
-1.25976
-1.17317
-1.12805
-1.18521
-1.14864
-1.1937
-1.14102
-1.15033
-1.1343
-1.25679
-1.1816
-1.21727
-1.19982
-1.17651
-1.14924
-1.16688
-1.18424
-1.14193
-1.18831
-1.14724
-1.19129
-1.19251
-1.16288
-1.19389
-1.18277
-1.25504
-1.15708
-1.19863
-1.16969
-1.15788
-1.16503
-1.17215
-1.15606
-1.15952
-1.14517
-1.22244
-1.18926
-1.18744
-1.23536
-1.18728
-1.13554
-1.13478
-1.1945
-1.13586
-1.16622
-1.20467
-1.16658
-1.22028
-1.19857
-1.17359
-1.14587
-1.18357
-1.21324
-1.22312
-1.23381
-1.19987
-1.14662
-1.20326
-1.13888
-1.12941
-1.17975
-1.12056
-1.21348
-1.17946
-1.1474
-1.18635
-1.15793
-1.23361
-1.22272
-1.16558
-1.16499
-1.15447
-1.17433
-1.19537
-1.26121
-1.20436
-1.29751
-1.21649
-1.15648
-1.14887
-1.1233
-1.21006
-1.16878
-1.17081
-1.23752
-1.20347
-1.11581
-1.14691
-1.21695
-1.23313
-1.20645
-1.24366
-1.16277
-1.20468
-1.24547
-1.25987
-1.17947
-1.16869
-1.16595
-1.1975
-1.24938
-1.15751
-1.2243
-1.19795
-1.17219
-1.17172
-1.13165
-1.19523
-1.12472
-1.23327
-1.15919
-1.26465
-1.18469
-1.28719
-1.22986
-1.17947
-1.15216
-1.15338
-1.15169
-1.21217
-1.16922
-1.23658
-1.2027
-1.18966
-1.24569
-1.24911
-1.20962
-1.18482
-1.12977
-1.17172
-1.22032
-1.20812
-1.18261
-1.19408
-1.14801
-1.17081
-1.25154
-1.25685
-1.18922
-1.15829
-1.22994
-1.23214
-1.1272
-1.16182
-1.17856
-1.22784
-1.20281
-1.15894
-1.20233
-1.19091
-1.19756
-1.16081
-1.1742
-1.16691
-1.16823
-1.18137
-1.24813
-1.13382
-1.22334
-1.17059
-1.14322
-1.21099
-1.18595
-1.20507
-1.27356
-1.2529
-1.19521
-1.18757
-1.19984
-1.19575
-1.19553
-1.19474
-1.26277
-1.20562
-1.19079
-1.19825
-1.16084
-1.18403
-1.22127
-1.24068
-1.16752
-1.16507
-1.22363
-1.25989
-1.18884
-1.12548
-1.19422
-1.28176
-1.23918
-1.19229
-1.24213
-1.1861
-1.1936
-1.22918
-1.15045
-1.20933
-1.22919
-1.21087
-1.20916
-1.21473
-1.15005
-1.24418
-1.20981
-1.20701
-1.21538
-1.17606
-1.16277
-1.25164
-1.15829
-1.16499
-1.17308
-1.1489
-1.1732
-1.23071
-1.17127
-1.15661
-1.1672
-1.16559
-1.19675
-1.22265
-1.20239
-1.11684
-1.17771
-1.20251
-1.21923
-1.14926
-1.20557
-1.20348
-1.15659
-1.12074
-1.16137
-1.12862
-1.17013
-1.18349
-1.23056
-1.1516
-1.16609
-1.1545
-1.16836
-1.10158
-1.1922
-1.10887
-1.18144
-1.16087
-1.19793
-1.1343
-1.16599
-1.18444
-1.16417
-1.21316
-1.15816
-1.17417
-1.18344
-1.16464
-1.18546
-1.1462
-1.19467
-1.21039
-1.2147
-1.14927
-1.11633
-1.15768
-1.15039
-1.16755
-1.15179
-1.16694
-1.11949
-1.15573
-1.15316
-1.1377
-1.19707
-1.18253
-1.19817
-1.21296
-1.15123
-1.16417
-1.12261
-1.15949
-1.11569
-1.1185
-1.18242
-1.15296
-1.20764
-1.11797
-1.10267
-1.17579
-1.16406
-1.19913
-1.1236
-1.16196
-1.14502
-1.1326
-1.13922
-1.17842
-1.10125
-1.16727
-1.22254
-1.18151
-1.12671
-1.19948
-1.14238
-1.12914
-1.17165
-1.11008
-1.13658
-1.1254
-1.19781
-1.20991
-1.14082
-1.18921
-1.22072
-1.1781
-1.15696
-1.1754
-1.13439
-1.11127
-1.13774
-1.16116
-1.12952
-1.17375
-1.15013
-1.11668
-1.11843
-1.17688
-1.1121
-1.18338
-1.1099
-1.12422
-1.17815
-1.14677
-1.13195
-1.14515
-1.1616
-1.18473
-1.15044
-1.18224
-1.17345
-1.11901
-1.15297
-1.16433
-1.15475
-1.08597
-1.10309
-1.1893
-1.1361
-1.18841
-1.15826
-1.13768
-1.19412
-1.19909
-1.15719
-1.19693
-1.17933
-1.10599
-1.15387
-1.10902
-1.18823
-1.18089
-1.17785
-1.17919
-1.13165
-1.15291
-1.18204
-1.15719
-1.19402
-1.20273
-1.14822
-1.15729
-1.14951
-1.16836
-1.16
-1.15719
-1.16084
-1.19518
-1.17065
-1.1809
-1.20461
-1.19393
-1.17032
-1.1807
-1.23378
-1.2301
-1.165
-1.17427
-1.19298
-1.2104
-1.18123
-1.24766
-1.15111
-1.14555
-1.1814
-1.20406
-1.1693
-1.17267
-1.1712
-1.1493
-1.20151
-1.17706
-1.21367
-1.15736
-1.14867
-1.18733
-1.1917
-1.19802
-1.1615
-1.22343
-1.19717
-1.17827
-1.20815
-1.1744
-1.22091
-1.11933
-1.18937
-1.19186
-1.18437
-1.13183
-1.16517
-1.16314
-1.24737
-1.09707
-1.22866
-1.18843
-1.21949
-1.19392
-1.17937
-1.20803
-1.16373
-1.18471
-1.11966
-1.22737
-1.192
-1.23138
-1.15402
-1.12775
-1.17974
-1.17768
-1.18674
-1.15301
-1.12986
-1.20431
-1.19497
-1.19993
-1.18038
-1.19104
-1.14807
-1.15998
-1.15892
-1.20867
-1.16493
-1.17721
-1.18793
-1.15366
-1.16124
-1.23076
-1.19486
-1.21464
-1.15905
-1.1465
-1.13897
-1.18402
-1.17708
-1.16846
-1.17346
-1.1563
-1.18118
-1.17765
-1.15331
-1.19079
-1.17524
-1.17438
-1.20085
-1.17941
-1.21832
-1.19354
-1.19517
-1.1709
-1.16103
-1.20576
-1.11387
-1.17993
-1.17508
-1.19826
-1.17088
-1.16947
-1.18106
-1.20908
-1.18614
-1.11928
-1.1771
-1.17256
-1.17808
-1.11309
-1.17486
-1.16073
-1.21742
-1.20231
-1.16411
-1.16094
-1.17694
-1.22792
-1.15686
-1.17553
-1.16893
-1.1937
-1.14908
-1.1358
-1.19898
-1.13672
-1.21385
-1.16842
-1.18424
-1.15874
-1.18513
-1.18083
-1.13215
-1.15265
-1.16271
-1.1723
-1.18861
-1.19534
-1.18901
-1.20459
-1.14064
-1.16434
-1.19656
-1.20234
-1.16948
-1.17935
-1.23363
-1.18739
-1.16383
-1.20071
-1.21469
-1.13819
-1.19196
-1.18288
-1.1768
-1.13717
-1.1816
-1.1518
-1.19617
-1.2371
-1.17678
-1.25333
-1.18915
-1.17691
-1.1477
-1.15997
-1.1622
-1.20516
-1.1879
-1.20671
-1.16484
-1.12448
-1.16288
-1.16946
-1.15258
-1.19894
-1.17518
-1.20138
-1.15731
-1.16945
-1.16221
-1.18768
-1.22535
-1.18913
-1.18236
-1.19454
-1.21999
-1.18859
-1.19434
-1.2267
-1.18723
-1.12005
-1.19354
-1.185
-1.16647
-1.17907
-1.1949
-1.1299
-1.13996
-1.08287
-1.17951
-1.13972
-1.19246
-1.19097
-1.17828
-1.15627
-1.18895
-1.14655
-1.18275
-1.18446
-1.17131
-1.19394
-1.21214
-1.1727
-1.20671
-1.22298
-1.21511
-1.14433
-1.16669
-1.21546
-1.16667
-1.19974
-1.1961
-1.189
-1.18757
-1.22082
-1.19032
-1.17296
-1.22212
-1.1331
-1.13433
-1.15143
-1.20854
-1.16839
-1.18493
-1.13354
-1.17029
-1.18074
-1.19323
-1.19602
-1.21045
-1.16375
-1.16335
-1.15337
-1.22538
-1.16485
-1.158
-1.21756
-1.14621
-1.15963
-1.15644
-1.17339
-1.18057
-1.16487
-1.22868
-1.16302
-1.21886
-1.18933
-1.18931
-1.20473
-1.17506
-1.18715
-1.18379
-1.19836
-1.19288
-1.18622
-1.23218
-1.20646
-1.22857
-1.21902
-1.14348
-1.19553
-1.16611
-1.16381
-1.21698
-1.21171
-1.17241
-1.17557
-1.18338
-1.1909
-1.17866
-1.16354
-1.20077
-1.18759
-1.17624
-1.19334
-1.19894
-1.22043
-1.16632
-1.17079
-1.18165
-1.18186
-1.20109
-1.19007
-1.18506
-1.24948
-1.20062
-1.21719
-1.18831
-1.14798
-1.19822
-1.20898
-1.20975
-1.18515
-1.19333
-1.18994
-1.23375
-1.1841
-1.18059
-1.19951
-1.20335
-1.19896
-1.1566
-1.1848
-1.18812
-1.18394
-1.16215
-1.15887
-1.19328
-1.21629
-1.1846
-1.22913
-1.21539
-1.20408
-1.21037
-1.23215
-1.19494
-1.21368
-1.16576
-1.16773
-1.1508
-1.18121
-1.18289
-1.23091
-1.17968
-1.23485
-1.19246
-1.18232
-1.23943
-1.18261
-1.16185
-1.21865
-1.23188
-1.23946
-1.17607
-1.24429
-1.17341
-1.24616
-1.21593
-1.17593
-1.23258
-1.22626
-1.16407
-1.20138
-1.20418
-1.21303
-1.22014
-1.16821
-1.22636
-1.23839
-1.19415
-1.24571
-1.21834
-1.19578
-1.21222
-1.20472
-1.24584
-1.21069
-1.18728
-1.22317
-1.24253
-1.25846
-1.19036
-1.18945
-1.16985
-1.23839
-1.17276
-1.23308
-1.23294
-1.21261
-1.23069
-1.23387
-1.21856
-1.23048
-1.1714
-1.1975
-1.23048
-1.20101
-1.17851
-1.27226
-1.2516
-1.24001
-1.20277
-1.18309
-1.23069
-1.20922
-1.23942
-1.23049
-1.17686
-1.22707
-1.19952
-1.174
-1.18607
-1.20687
-1.27192
-1.20878
-1.22954
-1.19993
-1.24469
-1.2204
-1.22722
-1.19573
-1.24168
-1.23312
-1.2031
-1.26945
-1.21908
-1.23744
-1.18321
-1.21549
-1.22227
-1.20592
-1.19121
-1.19912
-1.22629
-1.23878
-1.23606
-1.27727
-1.23722
-1.24474
-1.20269
-1.22903
-1.22982
-1.20513
-1.15723
-1.24472
-1.23027
-1.22883
-1.16883
-1.25389
-1.23335
-1.22819
-1.24858
-1.2521
-1.21797
-1.21151
-1.22517
-1.2145
-1.21163
-1.24236
-1.22147
-1.15575
-1.25828
-1.19117
-1.22438
-1.21437
-1.20237
-1.21051
-1.21862
-1.24712
-1.20396
-1.21714
-1.23692
-1.23578
-1.19406
-1.24724
-1.24105
-1.20199
-1.21446
-1.21982
-1.25743
-1.17433
-1.17263
-1.19672
-1.2365
-1.24038
-1.21937
-1.17665
-1.19025
-1.21421
-1.23208
-1.22059
-1.25489
-1.19517
-1.21691
-1.23164
-1.19585
-1.2072
-1.23141
-1.23973
-1.23227
-1.23277
-1.21973
-1.22766
-1.21663
-1.24032
-1.27159
-1.23172
-1.23951
-1.25718
-1.20586
-1.24137
-1.24492
-1.25552
-1.20516
-1.22604
-1.24717
-1.19008
-1.1693
-1.23484
-1.22261
-1.21157
-1.26883
-1.22214
-1.20144
-1.20569
-1.20942
-1.25027
-1.23697
-1.1843
-1.24254
-1.25244
-1.21966
-1.2568
-1.20469
-1.20864
-1.17325
-1.2021
-1.21357
-1.24694
-1.24661
-1.22778
-1.19999
-1.22589
-1.20933
-1.23613
-1.22856
-1.21876
-1.2682
-1.24418
-1.23917
-1.2212
-1.27391
-1.25412
-1.24896
-1.26689
-1.23565
-1.22977
-1.21032
-1.22178
-1.2252
-1.25191
-1.21941
-1.25944
-1.22416
-1.23969
-1.2178
-1.24783
-1.20315
-1.24444
-1.26663
-1.2643
-1.22561
-1.23074
-1.25076
-1.24554
-1.23902
-1.2532
-1.21188
-1.2008
-1.2147
-1.23704
-1.26676
-1.23164
-1.19648
-1.20212
-1.207
-1.22648
-1.21431
-1.20844
-1.23857
-1.28781
-1.276
-1.25335
-1.2203
-1.28912
-1.26357
-1.23178
-1.2699
-1.22285
-1.31411
-1.26568
-1.2485
-1.23
-1.23876
-1.23002
-1.25864
-1.23969
-1.24924
-1.22747
-1.24721
-1.24003
-1.29579
-1.26653
-1.26387
-1.24798
-1.24424
-1.27807
-1.24502
-1.21273
-1.23636
-1.26338
-1.2326
-1.23482
-1.24187
-1.2914
-1.25446
-1.23651
-1.22656
-1.24174
-1.2599
-1.27557
-1.25242
-1.25146
-1.26894
-1.19674
-1.25493
-1.22027
-1.248
-1.23802
-1.25066
-1.29158
-1.24728
-1.29102
-1.27757
-1.22535
-1.21493
-1.26191
-1.27323
-1.26161
-1.28163
-1.24529
-1.30767
-1.2567
-1.22096
-1.24159
-1.27838
-1.25273
-1.23593
-1.27887
-1.2792
-1.29114
-1.29567
-1.24343
-1.20698
-1.30816
-1.24896
-1.2511
-1.24102
-1.23735
-1.25627
-1.25489
-1.26422
-1.2836
-1.24544
-1.22678
-1.2255
-1.27191
-1.22627
-1.24771
-1.26073
-1.28514
-1.25787
-1.24869
-1.26866
-1.25111
-1.26935
-1.33125
-1.23519
-1.30473
-1.28458
-1.28977
-1.25996
-1.25011
-1.25168
-1.26535
-1.24104
-1.28481
-1.25924
-1.24151
-1.30335
-1.21992
-1.28278
-1.2494
-1.2521
-1.28754
-1.26058
-1.26003
-1.31788
-1.25948
-1.23735
-1.29187
-1.23614
-1.22745
-1.30193
-1.22929
-1.28888
-1.26207
-1.28485
-1.20835
-1.2577
-1.25163
-1.23643
-1.21361
-1.26629
-1.27415
-1.26376
-1.29439
-1.3003
-1.28929
-1.24777
-1.2185
-1.25728
-1.28813
-1.269
-1.25369
-1.29189
-1.26849
-1.26829
-1.27934
-1.29632
-1.24693
-1.27254
-1.26606
-1.27017
-1.22724
-1.2993
-1.29247
-1.25312
-1.25614
-1.24783
-1.29087
-1.25482
-1.24017
-1.27382
-1.26061
-1.2626
-1.28058
-1.31716
-1.27372
-1.3048
-1.25425
-1.27663
-1.2651
-1.24851
-1.2617
-1.3091
-1.26535
-1.23265
-1.25637
-1.28547
-1.29467
-1.25025
-1.24345
-1.26275
-1.25378
-1.23755
-1.25622
-1.29454
-1.28752
-1.2418
-1.24529
-1.27566
-1.29945
-1.27178
-1.26551
-1.2479
-1.26828
-1.28992
-1.29201
-1.28498
-1.23035
-1.26226
-1.30436
-1.23363
-1.31054
-1.307
-1.27347
-1.26382
-1.26683
-1.25059
-1.24954
-1.21951
-1.26726
-1.22605
-1.33755
-1.33521
-1.30745
-1.29602
-1.30106
-1.24367
-1.23196
-1.26949
-1.28803
-1.30547
-1.27988
-1.24985
-1.32845
-1.29771
-1.25349
-1.24683
-1.28809
-1.26739
-1.22992
-1.26693
-1.30487
-1.29733
-1.2902
-1.30482
-1.33087
-1.27011
-1.26823
-1.29253
-1.27603
-1.27425
-1.28364
-1.30247
-1.3105
-1.32117
-1.23401
-1.29981
-1.2739
-1.27871
-1.28492
-1.29391
-1.28049
-1.32131
-1.28699
-1.26911
-1.27239
-1.2689
-1.28738
-1.27861
-1.27261
-1.30702
-1.27469
-1.3038
-1.273
-1.30022
-1.26612
-1.27859
-1.27234
-1.24438
-1.29608
-1.2712
-1.2449
-1.28878
-1.26355
-1.29804
-1.25525
-1.26962
-1.19841
-1.24064
-1.25388
-1.29322
-1.28252
-1.31716
-1.28847
-1.30956
-1.28909
-1.26192
-1.3074
-1.29305
-1.27849
-1.30227
-1.28512
-1.24834
-1.24583
-1.29231
-1.25276
-1.31244
-1.30456
-1.32026
-1.3049
-1.24581
-1.28427
-1.26747
-1.31945
-1.32737
-1.26733
-1.26665
-1.2301
-1.25252
-1.27927
-1.24939
-1.30881
-1.30748
-1.30708
-1.27738
-1.31321
-1.24837
-1.274
-1.2535
-1.3109
-1.2515
-1.31882
-1.29745
-1.27953
-1.24889
-1.27821
-1.2137
-1.30595
-1.31829
-1.29312
-1.26827
-1.22254
-1.25487
-1.24577
-1.2837
-1.25584
-1.30247
-1.26553
-1.31878
-1.30886
-1.29222
-1.26296
-1.2836
-1.24357
-1.27681
-1.29894
-1.26569
-1.30467
-1.31382
-1.24525
-1.2391
-1.2959
-1.29743
-1.24308
-1.27677
-1.28493
-1.23772
-1.32327
-1.26785
-1.29955
-1.32178
-1.26157
-1.27008
-1.28786
-1.22178
-1.27204
-1.26565
-1.25765
-1.31512
-1.25857
-1.27863
-1.26528
-1.21993
-1.22525
-1.25089
-1.26478
-1.31111
-1.24619
-1.2551
-1.2232
-1.24689
-1.21253
-1.29992
-1.25169
-1.277
-1.28864
-1.27248
-1.28529
-1.27322
-1.31784
-1.1884
-1.26055
-1.26039
-1.25928
-1.28543
-1.29137
-1.22645
-1.2429
-1.27492
-1.27142
-1.27829
-1.25504
-1.26219
-1.25728
-1.18399
-1.2982
-1.25408
-1.24682
-1.2961
-1.2493
-1.27685
-1.26273
-1.23941
-1.25138
-1.2678
-1.24095
-1.24895
-1.27369
-1.219
-1.28112
-1.2122
-1.22798
-1.2911
-1.24802
-1.27867
-1.27271
-1.31325
-1.21374
-1.26399
-1.25468
-1.2438
-1.28582
-1.26853
-1.26592
-1.27302
-1.2985
-1.27754
-1.26854
-1.2568
-1.22495
-1.32914
-1.30332
-1.30138
-1.28419
-1.2802
-1.29817
-1.27122
-1.27719
-1.22533
-1.24977
-1.29802
-1.26425
-1.28348
-1.25757
-1.23322
-1.22671
-1.27426
-1.30726
-1.26253
-1.2495
-1.26271
-1.23449
-1.26428
-1.25293
-1.22335
-1.22759
-1.23394
-1.23988
-1.26616
-1.23529
-1.29314
-1.26991
-1.24945
-1.22211
-1.27102
-1.30526
-1.24623
-1.25661
-1.27096
-1.23252
-1.28144
-1.26602
-1.25988
-1.23715
-1.26795
-1.19315
-1.21734
-1.23932
-1.27357
-1.17347
-1.23585
-1.21315
-1.23389
-1.2301
-1.2218
-1.27463
-1.28231
-1.27952
-1.25255
-1.23586
-1.27998
-1.27777
-1.28136
-1.28011
-1.26202
-1.26128
-1.22798
-1.20685
-1.23611
-1.29004
-1.30111
-1.2824
-1.27247
-1.26369
-1.2394
-1.22932
-1.21204
-1.19504
-1.23857
-1.27898
-1.28931
-1.21446
-1.24185
-1.26051
-1.22146
-1.25269
-1.28132
-1.23303
-1.24697
-1.19082
-1.2636
-1.24321
-1.23539
-1.26346
-1.24287
-1.20116
-1.26785
-1.2266
-1.23744
-1.23957
-1.26421
-1.26925
-1.22054
-1.21109
-1.28364
-1.23396
-1.28451
-1.26156
-1.25991
-1.2465
-1.2478
-1.2722
-1.23593
-1.27762
-1.23683
-1.26008
-1.22483
-1.27226
-1.27361
-1.24799
-1.26408
-1.24716
-1.2986
-1.26694
-1.27043
-1.28794
-1.27437
-1.29073
-1.22966
-1.27682
-1.23548
-1.24201
-1.23376
-1.23612
-1.29442
-1.24245
-1.29259
-1.23575
-1.25289
-1.26868
-1.24621
-1.28528
-1.24582
-1.29289
-1.28217
-1.29032
-1.26153
-1.27394
-1.25227
-1.25917
-1.25365
-1.28067
-1.28753
-1.28327
-1.29373
-1.28165
-1.2303
-1.27222
-1.25433
-1.26452
-1.24602
-1.25128
-1.20312
-1.273
-1.27075
-1.22191
-1.2411
-1.29857
-1.27488
-1.25982
-1.27294
-1.2823
-1.27526
-1.28071
-1.2929
-1.26527
-1.22425
-1.26407
-1.22839
-1.25128
-1.23644
-1.22177
-1.2403
-1.31182
-1.23306
-1.2555
-1.27095
-1.24694
-1.29873
-1.27301
-1.29035
-1.24372
-1.25714
-1.2581
-1.25795
-1.26112
-1.29604
-1.26096
-1.27408
-1.25156
-1.27642
-1.26205
-1.28616
-1.26557
-1.22837
-1.30305
-1.23705
-1.2895
-1.25345
-1.23582
-1.26411
-1.25619
-1.2524
-1.26214
-1.25843
-1.26058
-1.23102
-1.25889
-1.25489
-1.20809
-1.24066
-1.24866
-1.20881
-1.24732
-1.23844
-1.28564
-1.25923
-1.22919
-1.32858
-1.27002
-1.24473
-1.24677
-1.2725
-1.26808
-1.27358
-1.27871
-1.25812
-1.29456
-1.22307
-1.25666
-1.25949
-1.22517
-1.29019
-1.25835
-1.24942
-1.25651
-1.22045
-1.29065
-1.27078
-1.25644
-1.28084
-1.28023
-1.27884
-1.28088
-1.26349
-1.21389
-1.2794
-1.28797
-1.2485
-1.28435
-1.30243
-1.246
-1.25965
-1.22661
-1.28525
-1.23812
-1.22257
-1.25725
-1.24055
-1.29381
-1.29091
-1.24
-1.25579
-1.24569
-1.28473
-1.29885
-1.26296
-1.27436
-1.24611
-1.26223
-1.25315
-1.28294
-1.22251
-1.24293
-1.23824
-1.26001
-1.24114
-1.26518
-1.23443
-1.26609
-1.24787
-1.3306
-1.23886
-1.24809
-1.22234
-1.25581
-1.29863
-1.2719
-1.25227
-1.28206
-1.24657
-1.25387
-1.27312
-1.23714
-1.22076
-1.27108
-1.25022
-1.23418
-1.24219
-1.25643
-1.28269
-1.27839
-1.2191
-1.27605
-1.24278
-1.25842
-1.26236
-1.28533
-1.29102
-1.28613
-1.25014
-1.30118
-1.25407
-1.29437
-1.26499
-1.23431
-1.23702
-1.24696
-1.2566
-1.23975
-1.26905
-1.29272
-1.27048
-1.22947
-1.23811
-1.26746
-1.24267
-1.26587
-1.25006
-1.23999
-1.24721
-1.29121
-1.27115
-1.28187
-1.23613
-1.26608
-1.30927
-1.27236
-1.30532
-1.2788
-1.19769
-1.28747
-1.28582
-1.25716
-1.26955
-1.26572
-1.28761
-1.26628
-1.20611
-1.24183
-1.29277
-1.26108
-1.2581
-1.23913
-1.25429
-1.27008
-1.23654
-1.24523
-1.241
-1.21885
-1.2633
-1.26252
-1.25214
-1.24449
-1.25227
-1.2691
-1.27842
-1.29229
-1.27467
-1.26612
-1.25987
-1.28893
-1.22606
-1.30949
-1.2815
-1.25896
-1.29141
-1.28917
-1.27204
-1.24229
-1.29566
-1.24823
-1.29773
-1.23895
-1.25141
-1.25308
-1.29446
-1.24783
-1.25431
-1.26305
-1.25932
-1.23934
-1.26333
-1.25686
-1.25221
-1.28324
-1.28859
-1.2684
-1.32342
-1.29214
-1.23551
-1.26293
-1.25302
-1.2939
-1.25259
-1.27087
-1.24808
-1.30691
-1.26086
-1.25923
-1.23286
-1.27878
-1.26995
-1.23707
-1.29125
-1.27508
-1.247
-1.2173
-1.28908
-1.26708
-1.29153
-1.21556
-1.26735
-1.25517
-1.24336
-1.24177
-1.22632
-1.23802
-1.30258
-1.26186
-1.2498
-1.27149
-1.3206
-1.27374
-1.2481
-1.23795
-1.26057
-1.22851
-1.23192
-1.28235
-1.26233
-1.26162
-1.31654
-1.20964
-1.23197
-1.26551
-1.24615
-1.26962
-1.24219
-1.20882
-1.28081
-1.28632
-1.27016
-1.27582
-1.21799
-1.3036
-1.26465
-1.21961
-1.24281
-1.30633
-1.27736
-1.26101
-1.28104
-1.25801
-1.24078
-1.27242
-1.23727
-1.287
-1.26198
-1.26379
-1.2448
-1.29057
-1.27258
-1.2859
-1.30228
-1.23976
-1.24065
-1.3018
-1.28668
-1.27872
-1.27849
-1.28316
-1.26384
-1.31767
-1.23969
-1.27596
-1.246
-1.23279
-1.29282
-1.24186
-1.26913
-1.23604
-1.20572
-1.29295
-1.25226
-1.24805
-1.2319
-1.28546
-1.28785
-1.20967
-1.26561
-1.2813
-1.22488
-1.26558
-1.23473
-1.24523
-1.25842
-1.27006
-1.27044
-1.26182
-1.28141
-1.24168
-1.24222
-1.2618
-1.295
-1.25374
-1.25971
-1.26601
-1.29989
-1.31013
-1.26261
-1.24591
-1.30201
-1.26173
-1.26055
-1.26672
-1.28317
-1.2332
-1.25418
-1.27583
-1.29658
-1.23305
-1.27396
-1.26397
-1.27577
-1.25589
-1.24648
-1.29788
-1.2785
-1.26467
-1.26419
-1.23629
-1.22484
-1.27713
-1.23084
-1.22724
-1.23347
-1.29562
-1.22966
-1.30205
-1.23763
-1.25113
-1.2612
-1.24158
-1.2905
-1.22322
-1.29564
-1.28834
-1.26432
-1.25428
-1.22722
-1.25329
-1.26189
-1.25221
-1.27669
-1.21623
-1.27697
-1.23328
-1.25704
-1.23215
-1.22598
-1.25958
-1.26055
-1.21782
-1.25661
-1.23782
-1.23773
-1.25829
-1.28334
-1.2632
-1.25301
-1.26041
-1.23513
-1.28886
-1.27367
-1.28508
-1.26713
-1.22487
-1.31527
-1.25499
-1.2621
-1.21995
-1.28941
-1.2485
-1.25346
-1.28423
-1.21771
-1.21374
-1.2811
-1.28103
-1.26189
-1.24809
-1.21954
-1.25953
-1.23482
-1.28323
-1.22113
-1.29435
-1.2789
-1.2549
-1.25958
-1.2327
-1.24172
-1.21718
-1.27795
-1.27202
-1.28517
-1.30089
-1.20871
-1.29954
-1.22695
-1.20805
-1.28284
-1.27729
-1.24182
-1.28111
-1.27236
-1.23276
-1.23197
-1.25164
-1.28927
-1.25491
-1.28783
-1.24028
-1.22304
-1.2388
-1.2542
-1.25633
-1.2495
-1.24754
-1.25646
-1.28638
-1.26327
-1.27568
-1.22253
-1.28098
-1.26279
-1.26189
-1.27886
-1.25888
-1.31344
-1.23276
-1.27131
-1.21542
-1.2328
-1.2411
-1.26736
-1.26609
-1.29084
-1.2801
-1.25101
-1.28498
-1.25159
-1.26949
-1.2676
-1.26837
-1.28379
-1.25252
-1.26435
-1.28558
-1.29479
-1.251
-1.2599
-1.23302
-1.2591
-1.24043
-1.23379
-1.24668
-1.28199
-1.24705
-1.26206
-1.21742
-1.24211
-1.2007
-1.2655
-1.23413
-1.22783
-1.27764
-1.27303
-1.26786
-1.23971
-1.28617
-1.28176
-1.25186
-1.28153
-1.2611
-1.2458
-1.21621
-1.2375
-1.23247
-1.19915
-1.26212
-1.25737
-1.25562
-1.29987
-1.23608
-1.25223
-1.25722
-1.24161
-1.28843
-1.25984
-1.25341
-1.24758
-1.23788
-1.23946
-1.2274
-1.26419
-1.26236
-1.2357
-1.25224
-1.20244
-1.26747
-1.23386
-1.23633
-1.24789
-1.23771
-1.26328
-1.23674
-1.25834
-1.24506
-1.25704
-1.30994
-1.22526
-1.26508
-1.29228
-1.22348
-1.29274
-1.27243
-1.25682
-1.31168
-1.29791
-1.23132
-1.27359
-1.24516
-1.22354
-1.26006
-1.25489
-1.21914
-1.23117
-1.22613
-1.23863
-1.2266
-1.25123
-1.2212
-1.24118
-1.20998
-1.21545
-1.25575
-1.29281
-1.24392
-1.23849
-1.27579
-1.28554
-1.27736
-1.25008
-1.25999
-1.27864
-1.27991
-1.25764
-1.23466
-1.30122
-1.27658
-1.21428
-1.24307
-1.27113
-1.24791
-1.26704
-1.27693
-1.25452
-1.22296
-1.20486
-1.26934
-1.25508
-1.29727
-1.26294
-1.22554
-1.26487
-1.26528
-1.26802
-1.24945
-1.28818
-1.29665
-1.2783
-1.2324
-1.29536
-1.24298
-1.2766
-1.25692
-1.22138
-1.25141
-1.28839
-1.23156
-1.25424
-1.21892
-1.25325
-1.20072
-1.26859
-1.28161
-1.26028
-1.24858
-1.24198
-1.24679
-1.2966
-1.25231
-1.23649
-1.26892
-1.26525
-1.29402
-1.24598
-1.26998
-1.2527
-1.27512
-1.26366
-1.26567
-1.26062
-1.24411
-1.26076
-1.26618
-1.25806
-1.2104
-1.24128
-1.24687
-1.24804
-1.2584
-1.24362
-1.28351
-1.2562
-1.25106
-1.24176
-1.22746
-1.27231
-1.3076
-1.28696
-1.24189
-1.23396
-1.31129
-1.29061
-1.23865
-1.27202
-1.27501
-1.29018
-1.27395
-1.26977
-1.26928
-1.23159
-1.25101
-1.25858
-1.25958
-1.25186
-1.2783
-1.28193
-1.27244
-1.22919
-1.21699
-1.2325
-1.22935
-1.25358
-1.25698
-1.24547
-1.27682
-1.25177
-1.27967
-1.28811
-1.26623
-1.26649
-1.2689
-1.29773
-1.22608
-1.26695
-1.2768
-1.25618
-1.23165
-1.2349
-1.27794
-1.22924
-1.25051
-1.2582
-1.23448
-1.24864
-1.25768
-1.2772
-1.23597
-1.23739
-1.26206
-1.23142
-1.29328
-1.27426
-1.28574
-1.28412
-1.29457
-1.26728
-1.26355
-1.25816
-1.25026
-1.23379
-1.20447
-1.25473
-1.2232
-1.27024
-1.26066
-1.22873
-1.24639
-1.28756
-1.24021
-1.21855
-1.25288
-1.27135
-1.26233
-1.27401
-1.28931
-1.27449
-1.23993
-1.27334
-1.26848
-1.20778
-1.23676
-1.27328
-1.2813
-1.26103
-1.25102
-1.25454
-1.23649
-1.21744
-1.256
-1.25007
-1.28316
-1.23564
-1.25353
-1.21539
-1.26899
-1.21812
-1.20244
-1.23555
-1.24645
-1.20284
-1.28433
-1.27773
-1.29217
-1.23337
-1.21389
-1.26715
-1.25893
-1.28628
-1.24056
-1.2458
-1.21589
-1.24536
-1.2783
-1.23003
-1.28324
-1.26023
-1.25506
-1.2355
-1.28341
-1.24832
-1.23725
-1.27181
-1.26339
-1.20991
-1.23653
-1.25317
-1.23062
-1.27163
-1.23547
-1.25257
-1.26364
-1.22189
-1.26763
-1.20944
-1.26648
-1.25372
-1.24904
-1.26086
-1.23867
-1.25602
-1.26734
-1.25017
-1.254
-1.276
-1.24015
-1.27961
-1.26252
-1.20085
-1.28138
-1.22942
-1.24257
-1.25035
-1.23553
-1.27659
-1.23793
-1.2701
-1.26116
-1.2467
-1.24142
-1.27948
-1.25853
-1.27109
-1.20708
-1.24177
-1.20367
-1.23125
-1.20537
-1.24114
-1.22002
-1.23199
-1.27707
-1.23486
-1.26576
-1.28844
-1.23293
-1.25471
-1.22796
-1.24896
-1.25924
-1.24308
-1.25294
-1.25452
-1.25118
-1.27167
-1.25671
-1.29592
-1.27827
-1.24763
-1.24271
-1.26245
-1.27023
-1.27875
-1.20214
-1.24628
-1.25554
-1.26159
-1.26803
-1.26698
-1.24397
-1.23375
-1.25106
-1.25221
-1.24001
-1.28531
-1.26646
-1.25747
-1.24781
-1.25095
-1.27796
-1.21113
-1.23302
-1.26832
-1.25183
-1.24044
-1.24179
-1.2577
-1.25332
-1.27319
-1.22243
-1.26837
-1.30724
-1.26038
-1.23132
-1.23511
-1.23886
-1.2677
-1.24452
-1.20045
-1.2497
-1.23369
-1.22645
-1.26399
-1.24553
-1.26083
-1.27053
-1.21734
-1.23958
-1.23798
-1.22312
-1.20628
-1.21442
-1.26005
-1.26007
-1.26445
-1.22687
-1.3046
-1.25353
-1.27035
-1.22806
-1.24156
-1.24142
-1.2206
-1.25536
-1.25588
-1.23579
-1.23268
-1.25163
-1.26036
-1.2523
-1.22773
-1.25821
-1.25863
-1.25836
-1.26901
-1.26
-1.29646
-1.26908
-1.22639
-1.26731
-1.23547
-1.2123
-1.2679
-1.24359
-1.24387
-1.25837
-1.2654
-1.25967
-1.27166
-1.22498
-1.27589
-1.2311
-1.22599
-1.24881
-1.22685
-1.23317
-1.24863
-1.25289
-1.26791
-1.25264
-1.25148
-1.26204
-1.23944
-1.24805
-1.2446
-1.24535
-1.23729
-1.25785
-1.25474
-1.23246
-1.26844
-1.28638
-1.2762
-1.24027
-1.24844
-1.2677
-1.24202
-1.28406
-1.26429
-1.29027
-1.27681
-1.24736
-1.21791
-1.24673
-1.26952
-1.31034
-1.29369
-1.26115
-1.32145
-1.26717
-1.2688
-1.27663
-1.2496
-1.2328
-1.24506
-1.25591
-1.23906
-1.24589
-1.19782
-1.23
-1.23749
-1.25101
-1.23222
-1.2629
-1.2907
-1.23756
-1.25319
-1.25239
-1.24842
-1.25339
-1.27021
-1.25689
-1.28562
-1.22638
-1.25888
-1.23155
-1.28018
-1.29586
-1.28326
-1.22895
-1.24241
-1.27813
-1.25217
-1.26464
-1.27758
-1.23924
-1.25882
-1.23353
-1.26633
-1.26543
-1.27366
-1.27076
-1.24922
-1.26812
-1.21957
-1.2618
-1.24584
-1.26215
-1.25597
-1.23056
-1.24236
-1.27253
-1.27374
-1.27657
-1.2499
-1.29121
-1.20368
-1.27592
-1.25504
-1.21359
-1.26638
-1.23218
-1.24924
-1.26811
-1.25771
-1.26582
-1.25278
-1.26109
-1.23775
-1.2647
-1.24903
-1.25145
-1.24257
-1.22354
-1.26427
-1.29409
-1.24597
-1.28831
-1.22551
-1.24563
-1.2452
-1.24395
-1.25211
-1.26028
-1.22557
-1.2207
-1.24146
-1.30734
-1.27897
-1.22053
-1.2501
-1.23785
-1.27184
-1.27395
-1.22908
-1.28347
-1.25487
-1.26026
-1.28273
-1.23339
-1.25333
-1.28958
-1.27358
-1.27674
-1.27641
-1.26053
-1.23361
-1.20043
-1.26156
-1.26414
-1.26499
-1.28878
-1.25941
-1.23572
-1.26251
-1.24628
-1.27395
-1.2697
-1.23924
-1.24387
-1.28188
-1.2924
-1.27805
-1.2512
-1.2125
-1.24416
-1.25309
-1.27683
-1.26611
-1.26948
-1.25334
-1.24016
-1.27529
-1.31429
-1.28338
-1.24154
-1.26699
-1.23694
-1.23316
-1.25607
-1.28119
-1.24484
-1.28284
-1.27989
-1.23155
-1.22285
-1.23003
-1.23982
-1.25843
-1.23812
-1.244
-1.22997
-1.26022
-1.23142
-1.22148
-1.30111
-1.22681
-1.27877
-1.27164
-1.26037
-1.24393
-1.2431
-1.28768
-1.23165
-1.22588
-1.31898
-1.23478
-1.22933
-1.22628
-1.20258
-1.26446
-1.21517
-1.25677
-1.21248
-1.25242
-1.22415
-1.25728
-1.26803
-1.27327
-1.2825
-1.28034
-1.25405
-1.21636
-1.25345
-1.29664
-1.24133
-1.23934
-1.237
-1.24854
-1.22882
-1.27417
-1.20925
-1.28415
-1.26539
-1.27312
-1.2641
-1.25976
-1.2455
-1.27596
-1.25565
-1.24045
-1.2721
-1.23552
-1.25335
-1.28203
-1.26141
-1.22445
-1.2505
-1.19263
-1.26388
-1.28267
-1.28231
-1.211
-1.27285
-1.24489
-1.27045
-1.25919
-1.23308
-1.22144
-1.26366
-1.24742
-1.24711
-1.25794
-1.21052
-1.22934
-1.24079
-1.24964
-1.23113
-1.2543
-1.26681
-1.2304
-1.2709
-1.20432
-1.25544
-1.24631
-1.22596
-1.26963
-1.24807
-1.25827
-1.23903
-1.2324
-1.205
-1.25617
-1.27274
-1.27448
-1.24244
-1.25406
-1.2368
-1.2348
-1.23682
-1.20771
-1.24503
-1.2589
-1.23283
-1.26582
-1.24636
-1.20762
-1.23566
-1.26612
-1.27427
-1.25174
-1.23033
-1.26071
-1.2736
-1.26433
-1.25892
-1.28185
-1.25936
-1.26583
-1.20754
-1.24146
-1.22627
-1.26943
-1.25844
-1.23918
-1.26261
-1.24466
-1.23664
-1.24682
-1.26388
-1.26248
-1.22134
-1.22173
-1.25273
-1.25193
-1.24019
-1.2586
-1.21499
-1.22435
-1.27354
-1.25063
-1.23356
-1.21825
-1.24473
-1.23617
-1.22497
-1.26122
-1.23214
-1.24681
-1.25312
-1.23792
-1.23413
-1.21794
-1.23954
-1.26387
-1.27508
-1.22248
-1.2938
-1.24492
-1.27898
-1.23359
-1.24374
-1.28256
-1.27602
-1.274
-1.2569
-1.24021
-1.23551
-1.25641
-1.24707
-1.25131
-1.27954
-1.27651
-1.2564
-1.2793
-1.25112
-1.24758
-1.23289
-1.22713
-1.25133
-1.25487
-1.25393
-1.27816
-1.29846
-1.24912
-1.29297
-1.27198
-1.25087
-1.27465
-1.27473
-1.29955
-1.23333
-1.21341
-1.23885
-1.23002
-1.24081
-1.32798
-1.20278
-1.23871
-1.25534
-1.25175
-1.26567
-1.21561
-1.26952
-1.2508
-1.2622
-1.25062
-1.26497
-1.23621
-1.25203
-1.24322
-1.23221
-1.26683
-1.26195
-1.24903
-1.25947
-1.24369
-1.19535
-1.25029
-1.25162
-1.2274
-1.25271
-1.24308
-1.2719
-1.23432
-1.23209
-1.26612
-1.25387
-1.27005
-1.22125
-1.26062
-1.24078
-1.249
-1.24293
-1.2851
-1.23526
-1.27003
-1.21925
-1.23685
-1.22327
-1.21537
-1.24257
-1.2324
-1.25706
-1.26716
-1.30962
-1.29843
-1.25945
-1.28163
-1.25108
-1.27473
-1.25179
-1.27899
-1.26847
-1.28223
-1.24444
-1.30737
-1.26542
-1.27696
-1.21594
-1.21306
-1.2534
-1.28892
-1.25361
-1.2582
-1.23555
-1.24901
-1.22987
-1.2662
-1.24132
-1.24492
-1.23925
-1.26054
-1.22976
-1.21443
-1.22742
-1.29185
-1.27117
-1.28814
-1.27258
-1.26669
-1.26215
-1.25582
-1.23747
-1.27036
-1.25641
-1.2628
-1.24078
-1.26332
-1.24211
-1.23666
-1.20412
-1.2716
-1.24493
-1.28108
-1.25592
-1.27604
-1.22962
-1.27624
-1.26331
-1.22461
-1.25428
-1.30066
-1.22261
-1.20961
-1.22561
-1.25737
-1.23518
-1.2909
-1.24984
-1.24425
-1.26722
-1.24797
-1.24906
-1.25962
-1.22688
-1.26911
-1.26473
-1.25608
-1.27723
-1.25204
-1.25478
-1.3089
-1.23221
-1.25388
-1.24554
-1.23489
-1.29811
-1.27085
-1.24163
-1.24267
-1.24826
-1.2451
-1.22138
-1.24776
-1.25248
-1.25031
-1.24743
-1.22748
-1.2318
-1.25984
-1.26497
-1.24178
-1.22471
-1.29764
-1.24899
-1.25064
-1.25275
-1.25576
-1.27097
-1.26595
-1.24413
-1.25768
-1.222
-1.23954
-1.26306
-1.23512
-1.26371
-1.23562
-1.23885
-1.269
-1.21015
-1.23628
-1.25435
-1.2766
-1.25966
-1.238
-1.24007
-1.25154
-1.25846
-1.2789
-1.21693
-1.2521
-1.24862
-1.2224
-1.26991
-1.22866
-1.25988
-1.23719
-1.23258
-1.26379
-1.21773
-1.26043
-1.26924
-1.20955
-1.21884
-1.21317
-1.22756
-1.27267
-1.26875
-1.23902
-1.27658
-1.25678
-1.2558
-1.26064
-1.24561
-1.21362
-1.27108
-1.23975
-1.23627
-1.25301
-1.22106
-1.26939
-1.27531
-1.23116
-1.22837
-1.21879
-1.26236
-1.27617
-1.27624
-1.24624
-1.26072
-1.20629
-1.22836
-1.25458
-1.28134
-1.24068
-1.23465
-1.24723
-1.25023
-1.24415
-1.25847
-1.27181
-1.2374
-1.24293
-1.25824
-1.25926
-1.24274
-1.24955
-1.23761
-1.21464
-1.27172
-1.23713
-1.23928
-1.26955
-1.19568
-1.28118
-1.23354
-1.25843
-1.2678
-1.2209
-1.25643
-1.20786
-1.26751
-1.2176
-1.22813
-1.2563
-1.25732
-1.22069
-1.24226
-1.26775
-1.22829
-1.26622
-1.27351
-1.24112
-1.27216
-1.25886
-1.24583
-1.22653
-1.23081
-1.23543
-1.21002
-1.23591
-1.2496
-1.25609
-1.25238
-1.28646
-1.25472
-1.21041
-1.22131
-1.22932
-1.25199
-1.2267
-1.2351
-1.22363
-1.23185
-1.25765
-1.21163
-1.24142
-1.24793
-1.22694
-1.25889
-1.24088
-1.23907
-1.26503
-1.22135
-1.21469
-1.24044
-1.24348
-1.26866
-1.27614
-1.24659
-1.19311
-1.26342
-1.26204
-1.26871
-1.2581
-1.2371
-1.23826
-1.2431
-1.24078
-1.23501
-1.25358
-1.24498
-1.22569
-1.25731
-1.22751
-1.25414
-1.24751
-1.27953
-1.2217
-1.26318
-1.21597
-1.22438
-1.25456
-1.23914
-1.29001
-1.23418
-1.27449
-1.21872
-1.25906
-1.2672
-1.22378
-1.23599
-1.2412
-1.26617
-1.25603
-1.19545
-1.2332
-1.24525
-1.25558
-1.23015
-1.26131
-1.27765
-1.25798
-1.30297
-1.21782
-1.25979
-1.26545
-1.23973
-1.2546
-1.24613
-1.24449
-1.22727
-1.2387
-1.2632
-1.25985
-1.2529
-1.25996
-1.24935
-1.26281
-1.25142
-1.21515
-1.26615
-1.21033
-1.22399
-1.26567
-1.25054
-1.24474
-1.23997
-1.20265
-1.20747
-1.23433
-1.25191
-1.24424
-1.24735
-1.21046
-1.22138
-1.22729
-1.21998
-1.23648
-1.19935
-1.25631
-1.24599
-1.2428
-1.25728
-1.25909
-1.22025
-1.21767
-1.25365
-1.22242
-1.254
-1.23029
-1.25545
-1.21126
-1.21591
-1.22543
-1.23798
-1.26303
-1.22228
-1.23336
-1.24146
-1.24757
-1.21855
-1.24278
-1.23735
-1.26701
-1.20095
-1.20515
-1.24051
-1.23559
-1.24531
-1.22801
-1.25371
-1.26685
-1.25219
-1.25555
-1.27732
-1.2617
-1.22714
-1.22855
-1.25923
-1.25367
-1.2298
-1.23412
-1.21656
-1.25278
-1.21633
-1.23701
-1.22992
-1.20663
-1.24019
-1.23978
-1.28123
-1.23757
-1.21835
-1.24871
-1.23181
-1.21687
-1.25997
-1.25242
-1.29439
-1.24319
-1.27125
-1.24749
-1.22615
-1.25401
-1.24746
-1.24173
-1.23727
-1.2269
-1.25566
-1.23608
-1.26099
-1.18875
-1.24317
-1.27683
-1.25016
-1.25417
-1.23083
-1.24448
-1.22355
-1.25296
-1.16787
-1.24798
-1.21774
-1.19332
-1.22259
-1.22554
-1.21845
-1.23671
-1.27003
-1.24139
-1.23609
-1.23396
-1.22391
-1.25809
-1.27269
-1.27743
-1.22451
-1.24806
-1.27511
-1.23536
-1.19327
-1.20889
-1.18087
-1.23755
-1.21761
-1.23617
-1.20471
-1.27541
-1.23471
-1.16981
-1.20106
-1.20669
-1.20645
-1.22487
-1.24454
-1.20349
-1.24881
-1.23786
-1.21323
-1.23599
-1.24114
-1.21988
-1.19543
-1.19958
-1.21519
-1.25716
-1.2348
-1.23163
-1.22661
-1.21396
-1.22093
-1.24081
-1.21534
-1.23843
-1.21659
-1.20062
-1.20719
-1.25605
-1.23099
-1.27435
-1.20913
-1.23902
-1.22806
-1.24715
-1.24539
-1.25193
-1.23054
-1.19953
-1.18753
-1.21938
-1.26102
-1.26884
-1.2294
-1.24322
-1.21802
-1.27556
-1.18425
-1.21388
-1.25926
-1.28087
-1.21217
-1.21559
-1.18937
-1.2339
-1.2682
-1.22371
-1.25041
-1.24362
-1.23204
-1.18332
-1.23482
-1.25441
-1.1952
-1.21357
-1.28199
-1.25054
-1.26529
-1.23477
-1.23588
-1.28298
-1.21693
-1.24409
-1.24253
-1.23233
-1.19514
-1.25174
-1.2332
-1.23135
-1.20965
-1.26421
-1.19942
-1.22314
-1.22864
-1.21213
-1.25461
-1.23388
-1.23946
-1.23374
-1.24053
-1.24057
-1.21885
-1.23103
-1.20765
-1.19857
-1.24365
-1.19738
-1.24651
-1.22768
-1.2417
-1.25002
-1.2186
-1.2204
-1.21946
-1.26099
-1.26939
-1.20614
-1.20727
-1.23264
-1.21987
-1.26287
-1.22375
-1.26653
-1.22456
-1.20532
-1.24156
-1.24045
-1.24366
-1.22613
-1.23102
-1.23353
-1.2172
-1.23365
-1.25182
-1.18756
-1.25306
-1.17938
-1.24695
-1.26263
-1.24408
-1.18794
-1.24001
-1.21402
-1.19878
-1.24278
-1.20332
-1.2084
-1.22829
-1.19438
-1.24338
-1.24897
-1.19924
-1.23654
-1.2482
-1.26415
-1.24738
-1.25859
-1.22088
-1.25984
-1.22001
-1.25457
-1.25686
-1.22954
-1.23441
-1.26542
-1.20296
-1.23891
-1.22216
-1.23053
-1.23391
-1.25694
-1.19932
-1.24566
-1.20433
-1.21958
-1.27093
-1.23971
-1.24286
-1.23891
-1.22994
-1.23594
-1.2277
-1.26475
-1.20407
-1.22657
-1.22013
-1.2117
-1.21211
-1.22503
-1.23939
-1.26416
-1.2372
-1.24298
-1.24075
-1.26528
-1.24568
-1.22805
-1.2615
-1.20212
-1.21704
-1.2495
-1.2071
-1.22675
-1.22834
-1.22176
-1.2054
-1.23871
-1.27108
-1.19829
-1.19906
-1.24398
-1.24115
-1.21711
-1.25202
-1.23132
-1.24248
-1.21872
-1.22579
-1.2703
-1.25563
-1.20245
-1.19591
-1.25184
-1.20413
-1.26855
-1.25117
-1.21627
-1.21574
-1.27131
-1.2406
-1.22038
-1.21928
-1.21111
-1.188
-1.25756
-1.20694
-1.24132
-1.2431
-1.22233
-1.19455
-1.26051
-1.20297
-1.2394
-1.26466
-1.2464
-1.22937
-1.20342
-1.25023
-1.29132
-1.22635
-1.18038
-1.24162
-1.24031
-1.2124
-1.25666
-1.22149
-1.22249
-1.25742
-1.20527
-1.22445
-1.22866
-1.20729
-1.26219
-1.24505
-1.23382
-1.22578
-1.24821
-1.23091
-1.21438
-1.25006
-1.18121
-1.22845
-1.2237
-1.22886
-1.20532
-1.23229
-1.22612
-1.21257
-1.22071
-1.18871
-1.21756
-1.25655
-1.23537
-1.25871
-1.2294
-1.22253
-1.1998
-1.23691
-1.24422
-1.23732
-1.20065
-1.23757
-1.24419
-1.20988
-1.20435
-1.19412
-1.21105
-1.21189
-1.22993
-1.18012
-1.20862
-1.2421
-1.19629
-1.23023
-1.2563
-1.24882
-1.24492
-1.21942
-1.21259
-1.21943
-1.23608
-1.27113
-1.1952
-1.22966
-1.22312
-1.22941
-1.21935
-1.20453
-1.19552
-1.23646
-1.20828
-1.23208
-1.21826
-1.21213
-1.20379
-1.21841
-1.2249
-1.24054
-1.24039
-1.23314
-1.25117
-1.24739
-1.19626
-1.22525
-1.20219
-1.26751
-1.24099
-1.20443
-1.19835
-1.20202
-1.2116
-1.28067
-1.1953
-1.21492
-1.24195
-1.23088
-1.24118
-1.20625
-1.22995
-1.24208
-1.26879
-1.22731
-1.24662
-1.22557
-1.22097
-1.22158
-1.22926
-1.26462
-1.25253
-1.21179
-1.23433
-1.21727
-1.23001
-1.21997
-1.20802
-1.24943
-1.2012
-1.19806
-1.2183
-1.21718
-1.25197
-1.27319
-1.24095
-1.22318
-1.21256
-1.22701
-1.24489
-1.22182
-1.22214
-1.24381
-1.22642
-1.25931
-1.29677
-1.25526
-1.2083
-1.20986
-1.23155
-1.21468
-1.26413
-1.23957
-1.24599
-1.20051
-1.23959
-1.19239
-1.22206
-1.21652
-1.25191
-1.2676
-1.25417
-1.24724
-1.20607
-1.21954
-1.21895
-1.2438
-1.19293
-1.24516
-1.23
-1.20623
-1.2195
-1.2067
-1.27135
-1.22859
-1.24577
-1.18922
-1.17376
-1.23345
-1.23531
-1.21469
-1.17584
-1.19246
-1.1829
-1.2184
-1.17144
-1.21668
-1.25557
-1.22458
-1.28813
-1.25341
-1.24218
-1.23848
-1.26478
-1.25281
-1.24778
-1.24865
-1.25447
-1.19904
-1.20673
-1.219
-1.22413
-1.27147
-1.23533
-1.22972
-1.24769
-1.2056
-1.24175
-1.19472
-1.22415
-1.2063
-1.1758
-1.19578
-1.24274
-1.17449
-1.21649
-1.20771
-1.22974
-1.25551
-1.24951
-1.24506
-1.21519
-1.19974
-1.25328
-1.24693
-1.21443
-1.21972
-1.21151
-1.24284
-1.21007
-1.22442
-1.26265
-1.22433
-1.24612
-1.21619
-1.228
-1.17328
-1.19145
-1.20297
-1.25144
-1.26679
-1.22584
-1.18074
-1.23757
-1.20469
-1.24899
-1.19071
-1.25463
-1.23322
-1.26447
-1.25399
-1.21137
-1.23956
-1.23314
-1.20725
-1.24643
-1.20535
-1.26131
-1.23415
-1.21379
-1.23074
-1.19708
-1.23784
-1.17984
-1.21785
-1.24147
-1.26644
-1.25451
-1.22503
-1.21334
-1.23272
-1.21946
-1.22465
-1.19842
-1.22073
-1.23986
-1.22073
-1.24652
-1.23649
-1.20558
-1.21616
-1.2656
-1.21978
-1.22807
-1.23847
-1.24304
-1.25528
-1.2776
-1.23257
-1.25834
-1.23693
-1.2307
-1.20882
-1.18873
-1.22337
-1.22147
-1.24754
-1.21971
-1.22266
-1.25473
-1.17581
-1.22638
-1.25137
-1.22189
-1.27003
-1.22134
-1.2556
-1.23154
-1.25115
-1.18306
-1.19291
-1.23236
-1.24035
-1.2509
-1.27316
-1.28355
-1.22021
-1.21913
-1.22882
-1.2065
-1.2182
-1.212
-1.24173
-1.24757
-1.19793
-1.25377
-1.25063
-1.22328
-1.21373
-1.25233
-1.23322
-1.22681
-1.2211
-1.23045
-1.23656
-1.25883
-1.21989
-1.20551
-1.22053
-1.18747
-1.22171
-1.19258
-1.25296
-1.2338
-1.20177
-1.19059
-1.23785
-1.27187
-1.23906
-1.23994
-1.19143
-1.22302
-1.23388
-1.22324
-1.24965
-1.22005
-1.19168
-1.23272
-1.205
-1.22117
-1.18444
-1.23339
-1.23752
-1.22757
-1.23336
-1.18089
-1.23287
-1.23188
-1.23287
-1.23095
-1.22447
-1.22285
-1.21636
-1.1822
-1.23914
-1.24239
-1.26256
-1.23292
-1.23581
-1.22918
-1.24296
-1.13281
-1.22669
-1.22175
-1.25821
-1.23889
-1.19902
-1.23255
-1.2194
-1.16314
-1.23087
-1.21301
-1.20708
-1.19973
-1.2622
-1.17635
-1.25159
-1.24593
-1.24071
-1.23575
-1.20794
-1.22167
-1.20226
-1.2258
-1.23119
-1.20867
-1.24119
-1.18658
-1.23922
-1.22407
-1.20938
-1.23625
-1.20532
-1.205
-1.20333
-1.22985
-1.20979
-1.21642
-1.2251
-1.2631
-1.17242
-1.22092
-1.19534
-1.19969
-1.242
-1.23028
-1.24038
-1.18763
-1.24998
-1.22265
-1.22895
-1.20977
-1.20526
-1.22358
-1.21872
-1.20365
-1.2204
-1.19375
-1.20696
-1.24039
-1.21795
-1.19954
-1.2524
-1.21536
-1.23228
-1.17027
-1.24209
-1.21926
-1.22288
-1.2079
-1.22102
-1.21134
-1.22432
-1.22692
-1.23284
-1.22511
-1.20395
-1.2074
-1.21991
-1.20037
-1.23052
-1.2487
-1.24062
-1.23542
-1.19518
-1.19489
-1.2103
-1.20527
-1.25991
-1.25435
-1.19091
-1.19814
-1.2247
-1.23392
-1.2088
-1.21234
-1.21023
-1.22053
-1.20673
-1.20783
-1.25669
-1.19678
-1.21466
-1.26287
-1.2329
-1.22003
-1.22046
-1.2097
-1.22294
-1.21909
-1.20662
-1.25476
-1.18362
-1.23377
-1.24147
-1.24408
-1.19292
-1.24892
-1.23361
-1.24188
-1.24854
-1.23188
-1.19678
-1.21873
-1.18917
-1.23408
-1.22172
-1.21535
-1.19913
-1.21911
-1.22581
-1.20653
-1.24334
-1.21081
-1.23809
-1.17992
-1.26969
-1.23414
-1.23488
-1.29209
-1.20151
-1.19409
-1.25667
-1.23624
-1.21111
-1.21203
-1.20807
-1.2
-1.22487
-1.24189
-1.24504
-1.23351
-1.20107
-1.19305
-1.22491
-1.24388
-1.24739
-1.21783
-1.21673
-1.22712
-1.26523
-1.26099
-1.22979
-1.20957
-1.22545
-1.26481
-1.20301
-1.21232
-1.23581
-1.22811
-1.20446
-1.23938
-1.2095
-1.21674
-1.17792
-1.19516
-1.25031
-1.25897
-1.21071
-1.19762
-1.20983
-1.2315
-1.2092
-1.23417
-1.24329
-1.20839
-1.25217
-1.18862
-1.18897
-1.20575
-1.19962
-1.23355
-1.23843
-1.2317
-1.23175
-1.25109
-1.24637
-1.24659
-1.17598
-1.25312
-1.17725
-1.21162
-1.24111
-1.22416
-1.19923
-1.22183
-1.21812
-1.23327
-1.20588
-1.20064
-1.19379
-1.24308
-1.22642
-1.19218
-1.19638
-1.21908
-1.23934
-1.20663
-1.17857
-1.25562
-1.20881
-1.23442
-1.2361
-1.20539
-1.21674
-1.20237
-1.23235
-1.17495
-1.22964
-1.19325
-1.20754
-1.18461
-1.24765
-1.22351
-1.22662
-1.20257
-1.23988
-1.22399
-1.23646
-1.195
-1.22257
-1.2196
-1.20851
-1.19105
-1.21809
-1.17363
-1.18787
-1.2491
-1.21295
-1.2216
-1.23425
-1.19477
-1.17919
-1.18168
-1.21609
-1.24522
-1.17681
-1.22092
-1.23143
-1.1685
-1.2466
-1.20138
-1.19617
-1.23998
-1.19791
-1.20933
-1.22218
-1.20573
-1.21192
-1.27711
-1.2026
-1.22415
-1.19971
-1.20369
-1.19025
-1.22103
-1.17774
-1.16572
-1.2367
-1.22455
-1.21075
-1.20623
-1.19074
-1.24302
-1.22881
-1.24512
-1.18461
-1.23652
-1.25902
-1.24162
-1.19365
-1.21906
-1.21493
-1.19506
-1.19636
-1.20617
-1.22598
-1.2233
-1.22098
-1.16605
-1.2246
-1.19586
-1.15488
-1.20223
-1.19401
-1.20022
-1.20012
-1.19396
-1.19989
-1.23281
-1.23146
-1.19514
-1.21379
-1.18506
-1.21693
-1.20478
-1.22632
-1.19297
-1.19632
-1.20707
-1.20973
-1.19776
-1.22338
-1.21559
-1.20744
-1.23313
-1.20062
-1.21927
-1.23537
-1.19527
-1.23909
-1.17889
-1.24445
-1.21139
-1.22181
-1.23118
-1.24472
-1.22508
-1.19271
-1.24424
-1.18885
-1.19962
-1.23476
-1.20605
-1.1787
-1.24492
-1.24086
-1.18135
-1.22937
-1.25594
-1.22799
-1.24333
-1.19894
