-1.26275
-1.27373
-1.29196
-1.28725
-1.27327
-1.28333
-1.27762
-1.27855
-1.2747
-1.27541
-1.27455
-1.27261
-1.27334
-1.27431
-1.27234
-1.27178
-1.2697
-1.26673
-1.26203
-1.26447
-1.26268
-1.26133
-1.26131
-1.26369
-1.26725
-1.26754
-1.26975
-1.27232
-1.27583
-1.27573
-1.27548
-1.28064
-1.28278
-1.28437
-1.28367
-1.28251
-1.28175
-1.28148
-1.28134
-1.27904
-1.27695
-1.27607
-1.27351
-1.2719
-1.27054
-1.26816
-1.26598
-1.26588
-1.2654
-1.26369
-1.26274
-1.26231
-1.26216
-1.2603
-1.25916
-1.25892
-1.2567
-1.25715
-1.25782
-1.2586
-1.25829
-1.25684
-1.2569
-1.25728
-1.25688
-1.25645
-1.25547
-1.25494
-1.25463
-1.25518
-1.25506
-1.25508
-1.25436
-1.25422
-1.25432
-1.25416
-1.25295
-1.25201
-1.2523
-1.25129
-1.25168
-1.25138
-1.25061
-1.25086
-1.24967
-1.24953
-1.2488
-1.24843
-1.24734
-1.24638
-1.2459
-1.2459
-1.24551
-1.2453
-1.2448
-1.24381
-1.24287
-1.24233
-1.24171
-1.24135
-1.24093
-1.24
-1.23929
-1.23866
-1.23884
-1.23726
-1.23699
-1.23536
-1.23438
-1.2335
-1.23345
-1.23318
-1.2322
-1.23151
-1.23164
-1.23062
-1.23098
-1.23058
-1.23131
-1.23095
-1.23054
-1.23016
-1.23
-1.22894
-1.22731
-1.22649
-1.22475
-1.22314
-1.22167
-1.22086
-1.22004
-1.2172
-1.21505
-1.21407
-1.21326
-1.21321
-1.21232
-1.21158
-1.21051
-1.21069
-1.2105
-1.21015
-1.21071
-1.21005
-1.20948
-1.21005
-1.20975
-1.20887
-1.20749
-1.20749
-1.20733
-1.20679
-1.20552
-1.20598
-1.20554
-1.20553
-1.20635
-1.20487
-1.20398
-1.20273
-1.20208
-1.20223
-1.20087
-1.2005
-1.19996
-1.19956
-1.19954
-1.19941
-1.19849
-1.19697
-1.19665
-1.19498
-1.19478
-1.19402
-1.19394
-1.19258
-1.19215
-1.19248
-1.19227
-1.19223
-1.1909
-1.19054
-1.19011
-1.18906
-1.18952
-1.1893
-1.18897
-1.18828
-1.18778
-1.18795
-1.18776
-1.18701
-1.18583
-1.18489
-1.18435
-1.18456
-1.18437
-1.18435
-1.18376
-1.18311
-1.18275
-1.18166
-1.18062
-1.18041
-1.17976
-1.17938
-1.17857
-1.179
-1.17941
-1.17922
-1.178
-1.1777
-1.17696
-1.17626
-1.17567
-1.17553
-1.17388
-1.17386
-1.1734
-1.17193
-1.1716
-1.17184
-1.17091
-1.17015
-1.16985
-1.17012
-1.1697
-1.1695
-1.16904
-1.16881
-1.16922
-1.16933
-1.16942
-1.16848
-1.1688
-1.1682
-1.16767
-1.16751
-1.16722
-1.16664
-1.16724
-1.16702
-1.16647
-1.16611
-1.16638
-1.16584
-1.1659
-1.16537
-1.16629
-1.16591
-1.16582
-1.16596
-1.1666
-1.16664
-1.16724
-1.16669
-1.16661
-1.16743
-1.16707
-1.16739
-1.16754
-1.16776
-1.16835
-1.16775
-1.16796
-1.16801
-1.16811
-1.16809
-1.16872
-1.16906
-1.16883
-1.17004
-1.1701
-1.17064
-1.17058
-1.17073
-1.17151
-1.17102
-1.1706
-1.17053
-1.17076
-1.17063
-1.17097
-1.17082
-1.17055
-1.17038
-1.17034
-1.17066
-1.17062
-1.17061
-1.1708
-1.17053
-1.17118
-1.17142
-1.17186
-1.17271
-1.17377
-1.17333
-1.1736
-1.17384
-1.17372
-1.17468
-1.17457
-1.17509
-1.1752
-1.17578
-1.17626
-1.17675
-1.17688
-1.17693
-1.17747
-1.17767
-1.17822
-1.17849
-1.17843
-1.17845
-1.17917
-1.17897
-1.17864
-1.17912
-1.17901
-1.17839
-1.17921
-1.18046
-1.18063
-1.18027
-1.18122
-1.18109
-1.18114
-1.18151
-1.18151
-1.18193
-1.18252
-1.18247
-1.1824
-1.18232
-1.18352
-1.18344
-1.18394
-1.18444
-1.1833
-1.18317
-1.18323
-1.18453
-1.18424
-1.18472
-1.1851
-1.18547
-1.1854
-1.18592
-1.18599
-1.18579
-1.18571
-1.18541
-1.18556
-1.18535
-1.18519
-1.18488
-1.18519
-1.1851
-1.18505
-1.18502
-1.18482
-1.18526
-1.18466
-1.18482
-1.18419
-1.18414
-1.18373
-1.18371
-1.18359
-1.18416
-1.18355
-1.18332
-1.18249
-1.18284
-1.18299
-1.18308
-1.18312
-1.18285
-1.18272
-1.18275
-1.18248
-1.18336
-1.18373
-1.18333
-1.18366
-1.18367
-1.18502
-1.18547
-1.18521
-1.18601
-1.18517
-1.18521
-1.18585
-1.1853
-1.18452
-1.1849
-1.18585
-1.18604
-1.18654
-1.18705
-1.18776
-1.18758
-1.18775
-1.18756
-1.18735
-1.18738
-1.18665
-1.18671
-1.18643
-1.18588
-1.18591
-1.18589
-1.18595
-1.18616
-1.18601
-1.18659
-1.18639
-1.18626
-1.18611
-1.18597
-1.18585
-1.18493
-1.1853
-1.1854
-1.18545
-1.1853
-1.18528
-1.18485
-1.18456
-1.18452
-1.18408
-1.18433
-1.18415
-1.18398
-1.18346
-1.18313
-1.18362
-1.18296
-1.18357
-1.184
-1.18415
-1.18339
-1.18333
-1.18265
-1.18202
-1.18209
-1.18218
-1.18246
-1.18233
-1.1826
-1.18256
-1.18254
-1.18184
-1.18227
-1.18202
-1.182
-1.18182
-1.18216
-1.18232
-1.18222
-1.18218
-1.18237
-1.18309
-1.1824
-1.18316
-1.18331
-1.18356
-1.18415
-1.1844
-1.18441
-1.18536
-1.18518
-1.1858
-1.18613
-1.18547
-1.18622
-1.18612
-1.18673
-1.18745
-1.18742
-1.18849
-1.18839
-1.188
-1.18825
-1.1882
-1.18846
-1.18812
-1.18749
-1.18798
-1.18798
-1.18975
-1.19028
-1.18964
-1.18959
-1.18968
-1.19062
-1.19
-1.19062
-1.19111
-1.19072
-1.19071
-1.19071
-1.19086
-1.19144
-1.19192
-1.19209
-1.19245
-1.19217
-1.19292
-1.19318
-1.19404
-1.19433
-1.19472
-1.19514
-1.19542
-1.19545
-1.19657
-1.19726
-1.19807
-1.19928
-1.20004
-1.20045
-1.20035
-1.20061
-1.2006
-1.20137
-1.20227
-1.20299
-1.20278
-1.2032
-1.2044
-1.20468
-1.20436
-1.20511
-1.20579
-1.20614
-1.20606
-1.20735
-1.20829
-1.20844
-1.20863
-1.20936
-1.20959
-1.21025
-1.21099
-1.21154
-1.21243
-1.21234
-1.21374
-1.21312
-1.21336
-1.21361
-1.21379
-1.2137
-1.21507
-1.21584
-1.21611
-1.21638
-1.21608
-1.2167
-1.21693
-1.21613
-1.2156
-1.21608
-1.2161
-1.21592
-1.21604
-1.2167
-1.21785
-1.21735
-1.2172
-1.2173
-1.21688
-1.2185
-1.21882
-1.218
-1.21765
-1.21781
-1.21843
-1.21931
-1.21862
-1.21844
-1.21835
-1.21939
-1.21946
-1.21946
-1.21912
-1.21949
-1.21885
-1.21851
-1.21838
-1.21782
-1.2177
-1.21731
-1.21706
-1.21654
-1.21616
-1.21582
-1.2149
-1.21408
-1.21316
-1.2128
-1.21243
-1.21155
-1.21131
-1.21132
-1.21176
-1.21171
-1.21018
-1.20998
-1.20875
-1.209
-1.20814
-1.2076
-1.2072
-1.20647
-1.20502
-1.20439
-1.20442
-1.20281
-1.20167
-1.20158
-1.20147
-1.20103
-1.20099
-1.19989
-1.19934
-1.1989
-1.19835
-1.1965
-1.19543
-1.1955
-1.19597
-1.19544
-1.19409
-1.19447
-1.19412
-1.1928
-1.19156
-1.19078
-1.1902
-1.18958
-1.18968
-1.18878
-1.18843
-1.1879
-1.18608
-1.18531
-1.18418
-1.18423
-1.18378
-1.18295
-1.18249
-1.18197
-1.18058
-1.17943
-1.1781
-1.17741
-1.17692
-1.17587
-1.17536
-1.17546
-1.17488
-1.17511
-1.17492
-1.17385
-1.17331
-1.17206
-1.17032
-1.16966
-1.16872
-1.16801
-1.16764
-1.16542
-1.16468
-1.16463
-1.16434
-1.1637
-1.16218
-1.1603
-1.16021
-1.15962
-1.15922
-1.15672
-1.1563
-1.15546
-1.15456
-1.15382
-1.15414
-1.1537
-1.15231
-1.15218
-1.15211
-1.15158
-1.15158
-1.15071
-1.15036
-1.14927
-1.14819
-1.14857
-1.14858
-1.14794
-1.14766
-1.14735
-1.146
-1.14438
-1.14276
-1.14249
-1.14303
-1.14298
-1.14223
-1.14089
-1.14058
-1.14018
-1.13975
-1.13887
-1.13899
-1.13827
-1.13758
-1.13738
-1.13624
-1.1348
-1.13371
-1.13354
-1.13241
-1.13243
-1.13174
-1.13125
-1.13075
-1.1311
-1.13045
-1.1302
-1.12918
-1.12856
-1.12833
-1.12646
-1.12472
-1.12422
-1.1235
-1.12304
-1.12228
-1.12192
-1.12123
-1.121
-1.12076
-1.12011
-1.12014
-1.12008
-1.11872
-1.11841
-1.11795
-1.1175
-1.11716
-1.1165
-1.1162
-1.11614
-1.11575
-1.1148
-1.11504
-1.11448
-1.11444
-1.11351
-1.11336
-1.11254
-1.11175
-1.11229
-1.11192
-1.11057
-1.10972
-1.10922
-1.10966
-1.1093
-1.10886
-1.10808
-1.10758
-1.1064
-1.10582
-1.10517
-1.10502
-1.1046
-1.10397
-1.10377
-1.104
-1.10442
-1.10424
-1.10426
-1.10455
-1.10395
-1.1031
-1.10236
-1.10251
-1.10239
-1.10219
-1.10233
-1.10194
-1.10161
-1.10154
-1.10187
-1.10218
-1.10107
-1.1008
-1.10113
-1.10032
-1.09991
-1.10067
-1.10075
-1.10135
-1.10117
-1.10122
-1.10061
-1.10092
-1.10059
-1.10114
-1.10126
-1.10158
-1.10258
-1.10251
-1.10259
-1.10235
-1.1028
-1.10353
-1.10408
-1.10404
-1.10376
-1.10416
-1.10444
-1.10401
-1.10352
-1.10418
-1.1035
-1.10332
-1.10265
-1.10303
-1.10354
-1.10352
-1.10479
-1.10602
-1.10611
-1.10613
-1.10645
-1.10731
-1.10754
-1.10732
-1.1076
-1.10702
-1.10671
-1.10625
-1.10633
-1.10657
-1.10692
-1.1064
-1.10694
-1.10782
-1.10823
-1.10798
-1.10702
-1.10803
-1.10793
-1.10775
-1.10801
-1.10752
-1.10759
-1.10815
-1.10811
-1.10871
-1.1082
-1.10834
-1.10894
-1.10941
-1.10958
-1.1093
-1.10999
-1.11046
-1.11072
-1.11155
-1.11246
-1.1125
-1.11356
-1.11349
-1.1142
-1.11412
-1.11424
-1.11457
-1.11514
-1.11504
-1.11505
-1.11508
-1.11628
-1.11624
-1.11658
-1.11724
-1.11714
-1.11673
-1.11712
-1.11801
-1.11809
-1.11872
-1.11867
-1.11952
-1.12046
-1.12049
-1.12047
-1.12046
-1.12089
-1.12063
-1.12098
-1.12125
-1.12125
-1.12167
-1.12154
-1.12214
-1.12307
-1.12279
-1.12302
-1.12353
-1.12303
-1.12266
-1.12247
-1.12292
-1.12253
-1.12244
-1.12318
-1.124
-1.12395
-1.12416
-1.1237
-1.12367
-1.12369
-1.12391
-1.12458
-1.12564
-1.12588
-1.12638
-1.12539
-1.12588
-1.12586
-1.12544
-1.12589
-1.12592
-1.12629
-1.12577
-1.12516
-1.12491
-1.12541
-1.12653
-1.1277
-1.12866
-1.12853
-1.12896
-1.12835
-1.12891
-1.12855
-1.12773
-1.1282
-1.12855
-1.13
-1.1297
-1.12957
-1.12962
-1.13062
-1.13166
-1.13212
-1.13279
-1.13324
-1.13254
-1.1332
-1.13355
-1.13409
-1.13492
-1.13553
-1.13577
-1.13641
-1.13627
-1.13683
-1.13692
-1.13674
-1.13736
-1.13746
-1.13722
-1.13761
-1.13781
-1.13786
-1.13768
-1.13767
-1.13754
-1.13736
-1.1374
-1.13682
-1.13702
-1.13756
-1.13659
-1.13693
-1.13652
-1.13648
-1.13584
-1.13623
-1.13575
-1.13609
-1.13509
-1.13562
-1.13627
-1.13581
-1.13701
-1.13729
-1.13744
-1.13722
-1.13753
-1.13833
-1.13739
-1.13807
-1.13785
-1.13786
-1.1379
-1.13818
-1.13725
-1.13732
-1.13759
-1.13758
-1.13756
-1.13838
-1.13844
-1.13804
-1.13803
-1.13798
-1.13754
-1.13792
-1.13796
-1.1385
-1.13819
-1.13832
-1.13784
-1.13817
-1.13807
-1.13909
-1.1387
-1.13851
-1.13876
-1.13869
-1.13956
-1.13945
-1.13989
-1.14076
-1.14062
-1.14017
-1.14
-1.13972
-1.14011
-1.14049
-1.14029
-1.14054
-1.14022
-1.141
-1.1415
-1.14183
-1.14212
-1.14175
-1.14237
-1.14292
-1.14366
-1.14289
-1.14242
-1.14282
-1.14268
-1.14292
-1.14325
-1.14399
-1.14388
-1.14418
-1.14449
-1.14452
-1.14473
-1.14395
-1.14432
-1.14505
-1.14521
-1.14576
-1.14593
-1.14526
-1.14632
-1.14629
-1.14643
-1.14666
-1.14688
-1.14713
-1.14791
-1.14847
-1.14867
-1.14892
-1.14917
-1.14977
-1.15047
-1.15064
-1.15102
-1.15119
-1.15178
-1.15163
-1.15238
-1.15196
-1.15271
-1.15307
-1.15277
-1.15376
-1.15374
-1.1538
-1.15454
-1.15493
-1.15478
-1.15464
-1.1558
-1.15617
-1.15682
-1.1566
-1.1564
-1.1567
-1.15718
-1.15815
-1.15833
-1.15938
-1.15938
-1.15951
-1.15973
-1.15994
-1.16012
-1.16088
-1.16193
-1.16327
-1.16479
-1.16502
-1.16503
-1.16577
-1.16578
-1.16606
-1.1657
-1.16556
-1.1659
-1.16715
-1.16769
-1.16858
-1.16887
-1.169
-1.169
-1.16887
-1.17024
-1.17037
-1.17056
-1.17045
-1.17036
-1.17066
-1.17107
-1.17184
-1.17282
-1.17364
-1.1737
-1.17363
-1.1736
-1.17365
-1.17356
-1.17396
-1.17346
-1.17363
-1.17373
-1.17418
-1.17415
-1.17411
-1.17504
-1.1746
-1.17448
-1.17399
-1.17372
-1.17325
-1.17316
-1.17383
-1.17375
-1.17388
-1.17427
-1.1743
-1.17408
-1.17462
-1.17475
-1.17554
-1.17642
-1.17672
-1.1764
-1.17682
-1.17643
-1.17609
-1.17657
-1.17629
-1.17693
-1.17653
-1.17649
-1.17662
-1.17716
-1.17778
-1.17811
-1.17841
-1.17814
-1.17846
-1.17858
-1.17834
-1.17961
-1.1796
-1.18072
-1.18138
-1.18106
-1.18119
-1.18096
-1.18131
-1.18091
-1.1807
-1.18116
-1.18188
-1.18172
-1.18109
-1.1818
-1.18204
-1.18275
-1.18332
-1.18334
-1.18355
-1.18437
-1.18531
-1.1853
-1.18503
-1.18454
-1.18396
-1.18385
-1.1837
-1.18466
-1.18479
-1.18502
-1.1848
-1.18471
-1.18516
-1.18506
-1.18483
-1.1846
-1.18508
-1.18493
-1.18603
-1.18684
-1.18696
-1.18664
-1.18676
-1.18639
-1.18704
-1.18682
-1.18726
-1.18766
-1.18762
-1.18825
-1.18819
-1.18871
-1.18857
-1.18818
-1.18831
-1.18887
-1.18923
-1.18949
-1.18984
-1.18987
-1.18935
-1.18997
-1.19067
-1.1902
-1.18991
-1.19086
-1.19183
-1.19116
-1.19142
-1.19154
-1.19177
-1.19214
-1.19152
-1.19156
-1.19173
-1.19225
-1.19202
-1.19163
-1.19107
-1.19042
-1.19023
-1.19125
-1.19055
-1.1914
-1.19181
-1.19144
-1.19235
-1.19207
-1.19233
-1.19359
-1.19425
-1.19463
-1.19417
-1.19394
-1.19424
-1.19454
-1.19495
-1.19583
-1.19593
-1.19523
-1.19517
-1.1938
-1.19348
-1.19413
-1.19504
-1.19549
-1.19504
-1.19558
-1.19648
-1.19599
-1.19521
-1.19599
-1.19734
-1.19756
-1.19716
-1.19751
-1.19694
-1.19724
-1.19749
-1.19654
-1.19603
-1.19653
-1.19695
-1.19739
-1.19756
-1.19656
-1.19743
-1.19729
-1.19738
-1.19781
-1.19785
-1.19816
-1.19873
-1.19906
-1.19838
-1.19852
-1.19736
-1.19725
-1.19668
-1.1961
-1.19587
-1.19602
-1.19614
-1.19659
-1.19669
-1.19703
-1.19583
-1.19558
-1.19571
-1.19544
-1.19444
-1.1944
-1.19459
-1.19486
-1.19435
-1.19376
-1.19296
-1.19284
-1.19273
-1.19356
-1.19337
-1.19251
-1.19149
-1.19128
-1.19071
-1.19034
-1.1891
-1.18965
-1.18964
-1.18983
-1.18889
-1.18853
-1.18878
-1.1884
-1.18862
-1.18823
-1.18836
-1.18845
-1.18843
-1.1886
-1.18825
-1.18772
-1.18848
-1.1884
-1.18818
-1.18792
-1.18738
-1.18703
-1.18665
-1.18543
-1.18457
-1.18382
-1.1835
-1.18303
-1.18245
-1.18247
-1.18234
-1.1817
-1.18177
-1.18138
-1.18104
-1.18065
-1.18041
-1.17935
-1.17813
-1.17828
-1.17816
-1.178
-1.17658
-1.17572
-1.17622
-1.17592
-1.17509
-1.17394
-1.17363
-1.17266
-1.17213
-1.17158
-1.17108
-1.17058
-1.17016
-1.1701
-1.1698
-1.16898
-1.16883
-1.16875
-1.1676
-1.16722
-1.16625
-1.16546
-1.16495
-1.1653
-1.16489
-1.16471
-1.16495
-1.16543
-1.16572
-1.16556
-1.16501
-1.16464
-1.16418
-1.16389
-1.16385
-1.16317
-1.16268
-1.16216
-1.16216
-1.16157
-1.16131
-1.16024
-1.16058
-1.15962
-1.15883
-1.15905
-1.15931
-1.15901
-1.15918
-1.15909
-1.15911
-1.1583
-1.15861
-1.15869
-1.15833
-1.15818
-1.1588
-1.15843
-1.1582
-1.15742
-1.1577
-1.15708
-1.15762
-1.15755
-1.15708
-1.15738
-1.15724
-1.15723
-1.15746
-1.15741
-1.15683
-1.15651
-1.15614
-1.15608
-1.15578
-1.15541
-1.15571
-1.15586
-1.15582
-1.15613
-1.15603
-1.15645
-1.15681
-1.1571
-1.15711
-1.15708
-1.15738
-1.15701
-1.15676
-1.15639
-1.15621
-1.1564
-1.15657
-1.15739
-1.15773
-1.15828
-1.1589
-1.15942
-1.16019
-1.15976
-1.16032
-1.16123
-1.16157
-1.16175
-1.16223
-1.16251
-1.16234
-1.16271
-1.16342
-1.16372
-1.16366
-1.16436
-1.16418
-1.16397
-1.16393
-1.1648
-1.16438
-1.16444
-1.16502
-1.16522
-1.1661
-1.16635
-1.16733
-1.16732
-1.16701
-1.16768
-1.16753
-1.16753
-1.16695
-1.16727
-1.16744
-1.16794
-1.16814
-1.16842
-1.16844
-1.16961
-1.16885
-1.16963
-1.17035
-1.17136
-1.17153
-1.1722
-1.17245
-1.17299
-1.17359
-1.17301
-1.17381
-1.17442
-1.17528
-1.1752
-1.17463
-1.17492
-1.17488
-1.17501
-1.17535
-1.17512
-1.17552
-1.17592
-1.17706
-1.17784
-1.17785
-1.17797
-1.17769
-1.17769
-1.1784
-1.17811
-1.17789
-1.1782
-1.17777
-1.17759
-1.17884
-1.17925
-1.1803
-1.18001
-1.17967
-1.17928
-1.17933
-1.17978
-1.17993
-1.17985
-1.17984
-1.17971
-1.17946
-1.17951
-1.17985
-1.1801
-1.18016
-1.18057
-1.18079
-1.18137
-1.18135
-1.1816
-1.1815
-1.18106
-1.18118
-1.18062
-1.18061
-1.18002
-1.1797
-1.17976
-1.17971
-1.17959
-1.17958
-1.17963
-1.17835
-1.17861
-1.17888
-1.17884
-1.17793
-1.17799
-1.17787
-1.17833
-1.17886
-1.17849
-1.17833
-1.17796
-1.17867
-1.17875
-1.17863
-1.1784
-1.17836
-1.17823
-1.17736
-1.17738
-1.17696
-1.17702
-1.17696
-1.17659
-1.17699
-1.17694
-1.17683
-1.17631
-1.17652
-1.17649
-1.17659
-1.176
-1.17698
-1.17658
-1.17675
-1.17596
-1.17566
-1.17583
-1.17578
-1.17583
-1.17578
-1.17692
-1.17652
-1.17624
-1.17593
-1.17654
-1.17664
-1.17677
-1.17682
-1.17672
-1.17656
-1.17708
-1.17655
-1.17656
-1.17694
-1.1769
-1.17752
-1.17793
-1.1781
-1.17799
-1.1775
-1.17748
-1.17776
-1.17776
-1.17829
-1.17832
-1.17726
-1.17694
-1.17649
-1.17642
-1.17695
-1.17731
-1.17748
-1.17728
-1.17729
-1.17718
-1.1775
-1.17794
-1.17805
-1.17834
-1.17838
-1.17883
-1.17897
-1.17891
-1.17938
-1.17907
-1.17833
-1.17832
-1.17846
-1.17851
-1.17824
-1.17906
-1.17855
-1.1782
-1.17705
-1.17714
-1.17684
-1.17695
-1.17677
-1.17669
-1.17706
-1.17718
-1.17692
-1.17697
-1.17768
-1.17765
-1.17798
-1.17793
-1.17763
-1.17806
-1.17868
-1.17906
-1.17822
-1.17832
-1.17872
-1.1787
-1.17876
-1.17923
-1.17976
-1.17964
-1.18049
-1.18025
-1.1803
-1.18067
-1.18042
-1.17991
-1.17962
-1.18038
-1.18054
-1.18076
-1.18037
-1.18019
-1.18004
-1.18009
-1.18
-1.1807
-1.18069
-1.18036
-1.17987
-1.18043
-1.18028
-1.17953
-1.17983
-1.17965
-1.17924
-1.17866
-1.17901
-1.1789
-1.17872
-1.17924
-1.1795
-1.17987
-1.18024
-1.18017
-1.17985
-1.17983
-1.17917
-1.17912
-1.17933
-1.17978
-1.18005
-1.18075
-1.18076
-1.18117
-1.18129
-1.18108
-1.18179
-1.18182
-1.18176
-1.18241
-1.18253
-1.18251
-1.18225
-1.18251
-1.18272
-1.18289
-1.18265
-1.1824
-1.18239
-1.18232
-1.18231
-1.1821
-1.18242
-1.18214
-1.18158
-1.18153
-1.18214
-1.18222
-1.18227
-1.18246
-1.18316
-1.18322
-1.18409
-1.18457
-1.18522
-1.18541
-1.1861
-1.18628
-1.18622
-1.18637
-1.18671
-1.18715
-1.18753
-1.18751
-1.18766
-1.18798
-1.18803
-1.18747
-1.18759
-1.18741
-1.18702
-1.18649
-1.18663
-1.1869
-1.18691
-1.18709
-1.18738
-1.18757
-1.18772
-1.18795
-1.18807
-1.18811
-1.18852
-1.18796
-1.1883
-1.18847
-1.18876
-1.18851
-1.18913
-1.18908
-1.19009
-1.19032
-1.19033
-1.19079
-1.19066
-1.19017
-1.19072
-1.19141
-1.19227
-1.19178
-1.19257
-1.19272
-1.19301
-1.19371
-1.19387
-1.19463
-1.19516
-1.195
-1.19536
-1.19512
-1.19562
-1.19563
-1.19542
-1.19579
-1.19612
-1.19631
-1.1969
-1.19725
-1.19722
-1.19741
-1.1976
-1.19773
-1.19778
-1.19736
-1.19741
-1.1984
-1.19903
-1.19927
-1.19952
-1.19905
-1.19932
-1.19932
-1.1999
-1.20039
-1.20061
-1.20113
-1.20183
-1.20201
-1.20244
-1.20239
-1.20243
-1.20275
-1.20256
-1.20268
-1.20369
-1.20439
-1.20497
-1.20499
-1.20492
-1.20538
-1.20497
-1.20536
-1.2055
-1.20538
-1.20617
-1.20618
-1.20583
-1.2056
-1.20582
-1.2066
-1.20679
-1.20675
-1.20691
-1.20755
-1.20776
-1.20799
-1.20796
-1.20881
-1.2093
-1.20945
-1.2103
-1.21087
-1.21166
-1.21156
-1.21155
-1.21192
-1.21169
-1.21145
-1.2114
-1.21156
-1.21163
-1.21204
-1.21267
-1.21339
-1.21416
-1.21468
-1.21516
-1.21562
-1.21537
-1.21514
-1.21524
-1.21562
-1.21608
-1.21538
-1.21609
-1.21681
-1.2169
-1.21707
-1.21719
-1.21761
-1.21729
-1.2178
-1.21749
-1.21744
-1.21811
-1.218
-1.21729
-1.21823
-1.21813
-1.21833
-1.21835
-1.21817
-1.21859
-1.21852
-1.2186
-1.2187
-1.21842
-1.2186
-1.219
-1.21882
-1.21924
-1.2192
-1.21911
-1.21938
-1.21935
-1.2195
-1.21866
-1.21848
-1.21855
-1.21922
-1.21924
-1.2197
-1.21914
-1.21871
-1.21873
-1.21874
-1.21861
-1.21897
-1.21862
-1.21908
-1.21942
-1.21907
-1.21913
-1.21966
-1.21934
-1.21914
-1.21907
-1.21924
-1.21969
-1.21954
-1.21986
-1.22018
-1.22019
-1.22082
-1.22112
-1.22118
-1.22185
-1.22244
-1.22293
-1.22226
-1.22243
-1.22261
-1.22251
-1.22176
-1.2219
-1.22186
-1.22201
-1.22229
-1.22218
-1.22216
-1.22152
-1.22143
-1.22155
-1.22209
-1.22178
-1.22198
-1.22245
-1.22273
-1.22331
-1.22309
-1.22279
-1.22216
-1.22141
-1.22118
-1.2212
-1.22164
-1.22162
-1.22133
-1.22153
-1.22205
-1.22197
-1.22195
-1.22185
-1.22284
-1.22275
-1.22281
-1.22274
-1.22299
-1.22301
-1.22332
-1.22387
-1.22398
-1.22413
-1.22412
-1.22391
-1.22395
-1.22491
-1.22452
-1.2252
-1.2252
-1.22546
-1.22561
-1.22598
-1.22583
-1.2258
-1.22643
-1.2269
-1.22679
-1.22674
-1.2273
-1.22729
-1.22727
-1.22778
-1.22775
-1.22756
-1.22713
-1.22776
-1.2287
-1.22905
-1.22865
-1.22827
-1.22815
-1.22864
-1.22888
-1.22883
-1.22889
-1.22956
-1.22977
-1.23036
-1.23039
-1.23097
-1.23164
-1.23189
-1.23227
-1.2321
-1.23292
-1.23325
-1.23354
-1.23356
-1.23378
-1.23368
-1.23355
-1.23363
-1.23373
-1.23343
-1.23385
-1.23383
-1.23434
-1.23445
-1.23504
-1.23526
-1.23523
-1.23611
-1.23687
-1.23664
-1.23678
-1.2373
-1.23694
-1.23706
-1.23747
-1.23833
-1.23878
-1.23864
-1.23853
-1.23911
-1.23928
-1.23951
-1.23984
-1.23979
-1.24043
-1.24031
-1.24113
-1.24131
-1.24165
-1.24156
-1.24161
-1.24224
-1.24272
-1.24337
-1.24405
-1.24394
-1.24381
-1.24424
-1.24429
-1.24446
-1.24489
-1.24513
-1.24546
-1.24549
-1.24521
-1.24496
-1.24538
-1.24561
-1.24587
-1.24644
-1.24698
-1.24737
-1.24814
-1.24798
-1.2478
-1.24849
-1.2488
-1.24883
-1.24921
-1.24914
-1.24904
-1.24894
-1.24933
-1.24986
-1.24981
-1.24962
-1.24948
-1.24967
-1.24981
-1.25028
-1.25074
-1.25122
-1.25113
-1.25131
-1.25203
-1.25252
-1.25314
-1.25419
-1.2544
-1.25536
-1.25582
-1.25584
-1.25568
-1.25565
-1.25596
-1.25572
-1.2555
-1.25603
-1.25592
-1.25611
-1.256
-1.25554
-1.25589
-1.25608
-1.25621
-1.25679
-1.25681
-1.25701
-1.2577
-1.25802
-1.25792
-1.25844
-1.25784
-1.25745
-1.25783
-1.25764
-1.25809
-1.25793
-1.25833
-1.25828
-1.2585
-1.25838
-1.25842
-1.25821
-1.25845
-1.25828
-1.25837
-1.25895
-1.25969
-1.26016
-1.26004
-1.25947
-1.25952
-1.25989
-1.25989
-1.26046
-1.26083
-1.26131
-1.26151
-1.26192
-1.26238
-1.26193
-1.26219
-1.26194
-1.26186
-1.26188
-1.26273
-1.26303
-1.26283
-1.26278
-1.26244
-1.26289
-1.26237
-1.2622
-1.26273
-1.26292
-1.26276
-1.26304
-1.26385
-1.2638
-1.26406
-1.26369
-1.2635
-1.26371
-1.26413
-1.26366
-1.26427
-1.26441
-1.26432
-1.26451
-1.26481
-1.2652
-1.26506
-1.26466
-1.26484
-1.26511
-1.26523
-1.26507
-1.26575
-1.26615
-1.26596
-1.26556
-1.26574
-1.26625
-1.26628
-1.26642
-1.26621
-1.26558
-1.26613
-1.266
-1.266
-1.26541
-1.26543
-1.26597
-1.26579
-1.26625
-1.26691
-1.26679
-1.26684
-1.26709
-1.26656
-1.26686
-1.26623
-1.26641
-1.26615
-1.26665
-1.26739
-1.26787
-1.26765
-1.26806
-1.26813
-1.26753
-1.26786
-1.26847
-1.2685
-1.26901
-1.26862
-1.26928
-1.26941
-1.26986
-1.26975
-1.27012
-1.27043
-1.27059
-1.2706
-1.2709
-1.27124
-1.2712
-1.27124
-1.27166
-1.27188
-1.27238
-1.27273
-1.27261
-1.27266
-1.27296
-1.27307
-1.27349
-1.27402
-1.27356
-1.2736
-1.27387
-1.27393
-1.27412
-1.27436
-1.27489
-1.27511
-1.27505
-1.27521
-1.27538
-1.27559
-1.27555
-1.27579
-1.27611
-1.27645
-1.27659
-1.277
-1.27692
-1.27675
-1.27668
-1.27642
-1.2766
-1.27627
-1.27658
-1.27681
-1.27664
-1.27644
-1.27642
-1.27708
-1.27706
-1.27691
-1.27594
-1.27585
-1.27595
-1.27626
-1.27654
-1.27734
-1.27766
-1.27781
-1.27783
-1.27803
-1.27865
-1.27882
-1.27861
-1.27892
-1.27912
-1.27912
-1.2789
-1.27892
-1.27853
-1.2788
-1.27954
-1.28012
-1.28013
-1.28025
-1.27999
-1.27959
-1.28005
-1.28069
-1.28069
-1.28085
-1.28066
-1.28099
-1.28111
-1.28134
-1.28106
-1.28078
-1.28077
-1.28059
-1.28071
-1.28076
-1.28118
-1.28102
-1.28125
-1.28071
-1.2811
-1.28157
-1.28108
-1.28059
-1.28084
-1.28051
-1.28069
-1.2812
-1.28183
-1.28184
-1.28102
-1.2806
-1.28015
-1.27994
-1.27919
-1.27951
-1.27949
-1.27975
-1.28008
-1.28026
-1.28005
-1.27986
-1.27919
-1.27875
-1.2794
-1.27906
-1.27936
-1.27972
-1.27932
-1.27877
-1.27892
-1.27869
-1.27825
-1.27832
-1.27845
-1.27814
-1.2785
-1.27839
-1.27866
-1.2788
-1.27867
-1.27834
-1.27849
-1.2777
-1.27776
-1.27763
-1.27748
-1.27819
-1.27782
-1.27789
-1.27809
-1.27741
-1.27702
-1.27655
-1.27665
-1.27706
-1.27754
-1.27768
-1.27738
-1.27691
-1.27621
-1.27604
-1.27567
-1.27535
-1.27534
-1.27545
-1.27523
-1.27503
-1.27542
-1.27428
-1.27404
-1.27416
-1.27429
-1.27423
-1.27461
-1.27375
-1.27313
-1.27268
-1.27235
-1.27267
-1.27238
-1.27233
-1.2717
-1.27027
-1.27058
-1.27045
-1.27062
-1.27106
-1.27076
-1.27103
-1.27057
-1.26989
-1.26933
-1.26924
-1.26851
-1.26852
-1.26852
-1.26817
-1.26787
-1.26748
-1.26657
-1.26651
-1.26619
-1.26649
-1.26644
-1.26743
-1.26651
-1.26597
-1.26558
-1.26534
-1.26597
-1.26611
-1.26631
-1.2662
-1.26663
-1.26638
-1.26641
-1.26579
-1.26495
-1.26532
-1.26572
-1.2659
-1.26631
-1.26634
-1.26633
-1.26639
-1.26611
-1.26523
-1.26527
-1.26586
-1.26555
-1.26541
-1.26555
-1.26512
-1.26454
-1.2649
-1.26474
-1.26469
-1.26419
-1.2636
-1.26333
-1.26327
-1.26292
-1.26293
-1.26249
-1.26217
-1.26199
-1.26151
-1.26127
-1.26142
-1.26146
-1.26176
-1.26173
-1.26193
-1.26233
-1.26168
-1.26179
-1.26195
-1.26204
-1.26239
-1.26292
-1.26252
-1.26238
-1.26228
-1.26133
-1.26078
-1.26032
-1.26032
-1.25888
-1.25935
-1.25888
-1.25861
-1.25832
-1.25769
-1.25752
-1.25808
-1.25844
-1.25822
-1.25786
-1.25788
-1.25811
-1.2583
-1.25853
-1.25931
-1.25894
-1.25868
-1.25828
-1.25768
-1.25809
-1.25833
-1.25853
-1.25886
-1.25898
-1.2587
-1.25858
-1.25821
-1.25742
-1.25762
-1.2576
-1.25837
-1.25823
-1.25774
-1.25787
-1.25729
-1.25709
-1.25677
-1.25697
-1.2568
-1.25616
-1.25636
-1.25593
-1.2556
-1.25557
-1.25527
-1.2543
-1.2542
-1.25378
-1.25359
-1.25374
-1.25309
-1.25275
-1.25194
-1.25121
-1.25124
-1.2506
-1.25073
-1.25058
-1.25092
-1.25089
-1.25039
-1.25047
-1.24999
-1.25019
-1.25023
-1.25056
-1.25007
-1.24972
-1.24983
-1.24981
-1.24983
-1.24995
-1.2503
-1.25044
-1.25091
-1.25151
-1.25191
-1.25242
-1.25206
-1.25247
-1.2519
-1.25162
-1.25146
-1.2516
-1.25184
-1.25121
-1.25167
-1.25146
-1.25128
-1.25164
-1.25129
-1.25148
-1.25134
-1.2519
-1.25204
-1.25301
-1.25346
-1.2538
-1.25359
-1.25445
-1.25462
-1.2553
-1.25584
-1.25637
-1.25709
-1.25716
-1.25664
-1.25656
-1.25658
-1.25687
-1.25653
-1.25626
-1.25548
-1.25541
-1.2555
-1.2551
-1.25523
-1.25615
-1.25654
-1.25624
-1.25596
-1.25595
-1.25598
-1.25615
-1.25669
-1.25705
-1.25717
-1.25786
-1.25776
-1.25748
-1.25695
-1.25703
-1.25701
-1.25752
-1.25764
-1.25767
-1.25756
-1.2577
-1.25822
-1.25904
-1.25931
-1.25931
-1.25953
-1.25948
-1.25963
-1.26023
-1.26051
-1.26085
-1.26122
-1.26134
-1.26146
-1.26139
-1.26205
-1.26259
-1.26204
-1.26273
-1.26226
-1.26253
-1.26247
-1.26236
-1.26253
-1.26237
-1.26253
-1.26238
-1.26259
-1.2626
-1.26266
-1.26253
-1.26234
-1.26194
-1.2617
-1.26172
-1.26082
-1.26063
-1.26031
-1.26028
-1.26013
-1.25952
-1.26051
-1.26044
-1.26053
-1.26058
-1.26096
-1.26128
-1.26108
-1.26144
-1.26109
-1.26168
-1.26138
-1.26126
-1.2614
-1.2608
-1.26124
-1.26089
-1.26057
-1.26023
-1.25982
-1.25998
-1.26017
-1.26014
-1.26041
-1.26041
-1.26032
-1.2603
-1.26
-1.25932
-1.25981
-1.25997
-1.25991
-1.26011
-1.26067
-1.26062
-1.26118
-1.26072
-1.26086
-1.26103
-1.26084
-1.26043
-1.26009
-1.26043
-1.2606
-1.26018
-1.25999
-1.25964
-1.25956
-1.25989
-1.26028
-1.26038
-1.26056
-1.26067
-1.26083
-1.26145
-1.26127
-1.26058
-1.26063
-1.26068
-1.26038
-1.26056
-1.25992
-1.25985
-1.25942
-1.26029
-1.26011
-1.26001
-1.25965
-1.2596
-1.25963
-1.25974
-1.25952
-1.25982
-1.25952
-1.25944
-1.25931
-1.25903
-1.25895
-1.25863
-1.25876
-1.25821
-1.2581
-1.2583
-1.25849
-1.25871
-1.25838
-1.25852
-1.25836
-1.25834
-1.25865
-1.25892
-1.25928
-1.26006
-1.26015
-1.26068
-1.26113
-1.2616
-1.26187
-1.26135
-1.26113
-1.26131
-1.26059
-1.26029
-1.26053
-1.26099
-1.26097
-1.26058
-1.26023
-1.26012
-1.25996
-1.25968
-1.25995
-1.25978
-1.25966
-1.26032
-1.26013
-1.26036
-1.26023
-1.26032
-1.26121
-1.26103
-1.26137
-1.2616
-1.26077
-1.26084
-1.26091
-1.26067
-1.26073
-1.26125
-1.26133
-1.26112
-1.26069
-1.26027
-1.26017
-1.26032
-1.26031
-1.26043
-1.26012
-1.26044
-1.26058
-1.26046
-1.26046
-1.25972
-1.25944
-1.25966
-1.25963
-1.25962
-1.25929
-1.25899
-1.25915
-1.25933
-1.25961
-1.25965
-1.25972
-1.25978
-1.25981
-1.26048
-1.26091
-1.2609
-1.2614
-1.26164
-1.26202
-1.26178
-1.26226
-1.26144
-1.26203
-1.26193
-1.26222
-1.2622
-1.26216
-1.26192
-1.26194
-1.26175
-1.26187
-1.26173
-1.26163
-1.26183
-1.26214
-1.26226
-1.26265
-1.26299
-1.2638
-1.26416
-1.26369
-1.26353
-1.26387
-1.26405
-1.26415
-1.26427
-1.26413
-1.26435
-1.26404
-1.26377
-1.2636
-1.26338
-1.26354
-1.26296
-1.26323
-1.26363
-1.26373
-1.26344
-1.26376
-1.26404
-1.26426
-1.26349
-1.26346
-1.26371
-1.26377
-1.26351
-1.26335
-1.26307
-1.26359
-1.26381
-1.26384
-1.26364
-1.26413
-1.26405
-1.26417
-1.26389
-1.2634
-1.26297
-1.26223
-1.26227
-1.26291
-1.26266
-1.26296
-1.26249
-1.26211
-1.26211
-1.2617
-1.26173
-1.26209
-1.26176
-1.26164
-1.26189
-1.26201
-1.26238
-1.26202
-1.26235
-1.26263
-1.26238
-1.2624
-1.26327
-1.26341
-1.2634
-1.26368
-1.26382
-1.2637
-1.26374
-1.26333
-1.26327
-1.26315
-1.26312
-1.26297
-1.26299
-1.26345
-1.26322
-1.26343
-1.26323
-1.26273
-1.26285
-1.263
-1.26336
-1.26319
-1.26354
-1.2632
-1.26399
-1.26387
-1.2641
-1.26362
-1.26347
-1.26385
-1.26364
-1.26374
-1.2637
-1.26313
-1.26349
-1.26349
-1.26314
-1.26257
-1.26274
-1.26239
-1.26156
-1.26186
-1.26205
-1.26176
-1.26148
-1.2613
-1.26105
-1.26115
-1.26078
-1.26088
-1.2609
-1.26139
-1.26102
-1.26074
-1.26099
-1.26102
-1.26081
-1.26094
-1.26143
-1.26153
-1.26196
-1.26168
-1.26198
-1.26233
-1.26239
-1.26256
-1.26281
-1.26338
-1.26333
-1.26285
-1.26299
-1.26346
-1.26307
-1.26261
-1.26251
-1.26278
-1.26296
-1.26282
-1.26352
-1.26398
-1.26381
-1.26382
-1.26357
-1.26265
-1.26333
-1.26332
-1.26293
-1.26281
-1.26307
-1.26294
-1.26387
-1.26344
-1.26309
-1.263
-1.26266
-1.26338
-1.26258
-1.26289
-1.26358
-1.26379
-1.26327
-1.26277
-1.26269
-1.2625
-1.26244
-1.2628
-1.26224
-1.26264
-1.2621
-1.26205
-1.26174
-1.26155
-1.26124
-1.26112
-1.26044
-1.25998
-1.25996
-1.25993
-1.2595
-1.25946
-1.25931
-1.25905
-1.25882
-1.25854
-1.25825
-1.25859
-1.25868
-1.25889
-1.25881
-1.25904
-1.25917
-1.2591
-1.25894
-1.25977
-1.25933
-1.25934
-1.2597
-1.25956
-1.25884
-1.25878
-1.25949
-1.25945
-1.25912
-1.25907
-1.25901
-1.25901
-1.25939
-1.25902
-1.25926
-1.25934
-1.25927
-1.25906
-1.25897
-1.25896
-1.25851
-1.25834
-1.25853
-1.25878
-1.25913
-1.25822
-1.25811
-1.25776
-1.25738
-1.25718
-1.25734
-1.25715
-1.2573
-1.25719
-1.25718
-1.25696
-1.25672
-1.25665
-1.25687
-1.257
-1.25677
-1.25624
-1.25607
-1.25615
-1.25573
-1.25544
-1.25527
-1.25519
-1.25569
-1.25608
-1.25606
-1.25598
-1.25652
-1.25681
-1.25647
-1.25697
-1.25653
-1.25729
-1.25711
-1.25721
-1.25695
-1.25637
-1.25655
-1.25627
-1.25604
-1.25631
-1.25657
-1.25681
-1.25712
-1.25702
-1.25719
-1.2571
-1.25762
-1.25769
-1.25788
-1.25796
-1.25849
-1.25918
-1.25909
-1.25909
-1.25924
-1.25926
-1.25929
-1.25925
-1.25913
-1.25912
-1.25896
-1.25905
-1.25862
-1.25869
-1.25781
-1.25773
-1.25722
-1.25682
-1.25735
-1.25693
-1.25706
-1.25683
-1.2575
-1.25742
-1.25745
-1.25773
-1.2575
-1.25778
-1.25781
-1.25737
-1.25689
-1.25626
-1.2564
-1.25678
-1.25674
-1.25739
-1.25692
-1.25723
-1.25686
-1.25649
-1.25682
-1.25682
-1.25703
-1.25709
-1.2573
-1.25691
-1.25646
-1.25626
-1.25587
-1.25614
-1.25567
-1.25542
-1.25602
-1.25553
-1.25512
-1.25518
-1.25474
-1.25465
-1.25469
-1.25496
-1.25489
-1.25457
-1.25512
-1.25449
-1.25474
-1.25543
-1.25528
-1.25566
-1.25583
-1.2559
-1.25654
-1.25695
-1.2564
-1.25651
-1.2562
-1.25621
-1.256
-1.25592
-1.2555
-1.25502
-1.25469
-1.25394
-1.25388
-1.25368
-1.25374
-1.25382
-1.25351
-1.25299
-1.25289
-1.25291
-1.25255
-1.25242
-1.25233
-1.25267
-1.25275
-1.25257
-1.25249
-1.25244
-1.25271
-1.25264
-1.25214
-1.2522
-1.25246
-1.252
-1.2521
-1.25222
-1.25229
-1.25263
-1.25293
-1.25265
-1.25241
-1.25184
-1.25236
-1.25249
-1.25346
-1.25343
-1.25335
-1.25372
-1.25359
-1.25354
-1.25336
-1.25384
-1.25395
-1.25391
-1.25372
-1.25386
-1.25368
-1.25398
-1.25439
-1.25423
-1.25442
-1.25531
-1.25501
-1.25497
-1.25461
-1.25414
-1.25379
-1.25395
-1.25419
-1.25438
-1.25398
-1.2538
-1.25374
-1.25423
-1.25437
-1.25434
-1.25476
-1.25477
-1.25509
-1.25519
-1.25537
-1.25587
-1.25594
-1.25624
-1.25654
-1.25666
-1.25673
-1.2567
-1.257
-1.25699
-1.25665
-1.25649
-1.25586
-1.25609
-1.25602
-1.25553
-1.25613
-1.25577
-1.25555
-1.2554
-1.25456
-1.25431
-1.25507
-1.2552
-1.25517
-1.25527
-1.25579
-1.25614
-1.25634
-1.25675
-1.25724
-1.25775
-1.25822
-1.25841
-1.25889
-1.2588
-1.25921
-1.25964
-1.25967
-1.25927
-1.25961
-1.26004
-1.26001
-1.25945
-1.25884
-1.25867
-1.25836
-1.25811
-1.25788
-1.25776
-1.25818
-1.25769
-1.25772
-1.25846
-1.25869
-1.25864
-1.25885
-1.25916
-1.25865
-1.25877
-1.25931
-1.25982
-1.25945
-1.25925
-1.25905
-1.25872
-1.25897
-1.2589
-1.25859
-1.2584
-1.25848
-1.25837
-1.25776
-1.25735
-1.25765
-1.25701
-1.25751
-1.25749
-1.25778
-1.25841
-1.25884
-1.25863
-1.25895
-1.25899
-1.2593
-1.2591
-1.25914
-1.259
-1.25842
-1.25852
-1.25864
-1.25851
-1.2585
-1.25841
-1.25829
-1.25811
-1.25795
-1.25801
-1.2577
-1.25798
-1.25817
-1.25839
-1.25803
-1.25813
-1.25816
-1.25763
-1.25756
-1.25768
-1.25783
-1.25786
-1.25827
-1.2584
-1.2583
-1.25799
-1.25797
-1.25803
-1.25803
-1.25782
-1.25785
-1.25759
-1.258
-1.25746
-1.25641
-1.25589
-1.25594
-1.25563
-1.25536
-1.25523
-1.25576
-1.25538
-1.25477
-1.25454
-1.25439
-1.25455
-1.25426
-1.25441
-1.25405
-1.25392
-1.25411
-1.25389
-1.25394
-1.25372
-1.25355
-1.25361
-1.25428
-1.25444
-1.25451
-1.2547
-1.25476
-1.25441
-1.254
-1.25402
-1.25353
-1.25336
-1.25305
-1.25291
-1.25286
-1.2521
-1.25252
-1.25194
-1.25184
-1.25182
-1.25199
-1.25225
-1.25186
-1.25213
-1.25229
-1.25221
-1.25241
-1.25268
-1.25251
-1.25253
-1.2528
-1.25243
-1.25262
-1.2526
-1.2521
-1.25186
-1.25136
-1.25128
-1.25071
-1.25074
-1.25072
-1.2506
-1.25052
-1.25097
-1.25151
-1.25168
-1.25152
-1.25123
-1.25066
-1.25069
-1.25028
-1.24981
-1.24961
-1.24974
-1.24999
-1.24962
-1.24966
-1.2498
-1.24924
-1.24904
-1.24892
-1.24868
-1.24858
-1.24894
-1.2491
-1.24891
-1.24861
-1.24872
-1.24877
-1.24919
-1.2496
-1.24991
-1.24977
-1.2499
-1.24977
-1.2502
-1.24968
-1.24999
-1.24986
-1.25029
-1.25095
-1.25126
-1.25124
-1.25155
-1.25122
-1.25096
-1.25044
-1.25096
-1.25148
-1.25139
-1.25128
-1.25092
-1.2513
-1.25095
-1.25112
-1.25135
-1.25109
-1.25119
-1.25078
-1.25075
-1.25073
-1.25111
-1.2505
-1.2507
-1.2514
-1.25129
-1.25097
-1.25122
-1.25124
-1.25139
-1.25152
-1.25081
-1.25096
-1.25077
-1.25039
-1.25082
-1.25059
-1.25111
-1.25115
-1.25079
-1.25069
-1.25046
-1.25031
-1.24981
-1.24928
-1.24938
-1.24944
-1.24932
-1.24919
-1.24944
-1.24935
-1.25005
-1.24951
-1.24963
-1.24962
-1.24932
-1.24952
-1.24932
-1.24929
-1.24892
-1.24883
-1.24896
-1.24907
-1.24855
-1.24855
-1.24843
-1.24894
-1.24921
-1.24977
-1.25043
-1.25106
-1.25092
-1.25139
-1.25142
-1.25078
-1.25111
-1.25088
-1.25044
-1.25069
-1.2508
-1.25112
-1.25134
-1.251
-1.25133
-1.25111
-1.25083
-1.2508
-1.25035
-1.25012
-1.24965
-1.24939
-1.24959
-1.24969
-1.24958
-1.2495
-1.24911
-1.24957
-1.24955
-1.24945
-1.24921
-1.2491
-1.24898
-1.24887
-1.24921
-1.24957
-1.24981
-1.24981
-1.24944
-1.24945
-1.2493
-1.24966
-1.24979
-1.24992
-1.25057
-1.25072
-1.25021
-1.25016
-1.25045
-1.25114
-1.2515
-1.25158
-1.25206
-1.25251
-1.25251
-1.25221
-1.2521
-1.25211
-1.25221
-1.25238
-1.2521
-1.25211
-1.25208
-1.25189
-1.25192
-1.25217
-1.25185
-1.25203
-1.25232
-1.25199
-1.25235
-1.25248
-1.25259
-1.25289
-1.25353
-1.25395
-1.25421
-1.25387
-1.25382
-1.25386
-1.25362
-1.25404
-1.25417
-1.25418
-1.25419
-1.25456
-1.25487
-1.25496
-1.25518
-1.25522
-1.25548
-1.2553
-1.25536
-1.25549
-1.25595
-1.25607
-1.25598
-1.25608
-1.25558
-1.2556
-1.25509
-1.25502
-1.25532
-1.25495
-1.25502
-1.25562
-1.25568
-1.25601
-1.25607
-1.2564
-1.25578
-1.25595
-1.25578
-1.25567
-1.25557
-1.25558
-1.25581
-1.25601
-1.25631
-1.25664
-1.25668
-1.25676
-1.25646
-1.25658
-1.25656
-1.25645
-1.25648
-1.25624
-1.25644
-1.25692
-1.25701
-1.25732
-1.25702
-1.25715
-1.25692
-1.2565
-1.25626
-1.25646
-1.25623
-1.25576
-1.25575
-1.25599
-1.25613
-1.25544
-1.25517
-1.25507
-1.25561
-1.25588
-1.25548
-1.25521
-1.25482
-1.25481
-1.25443
-1.25409
-1.25393
-1.25406
-1.2543
-1.25474
-1.25506
-1.2551
-1.25505
-1.25459
-1.25523
-1.25557
-1.25585
-1.25623
-1.2565
-1.25623
-1.25594
-1.25603
-1.25624
-1.25641
-1.25632
-1.25622
-1.25634
-1.2567
-1.25662
-1.25687
-1.2564
-1.25653
-1.25626
-1.25607
-1.2559
-1.2563
-1.25641
-1.25603
-1.25626
-1.25676
-1.25682
-1.25684
-1.25692
-1.25696
-1.25663
-1.25653
-1.25661
-1.25635
-1.25668
-1.2568
-1.25692
-1.25653
-1.25637
-1.25615
-1.25618
-1.25625
-1.25627
-1.25584
-1.25571
-1.25526
-1.25497
-1.25507
-1.2553
-1.25533
-1.2555
-1.25596
-1.25574
-1.25585
-1.25623
-1.25587
-1.25555
-1.25608
-1.2559
-1.25558
-1.25547
-1.25485
-1.255
-1.25464
-1.25478
-1.25467
-1.25455
-1.25385
-1.25397
-1.25376
-1.25424
-1.25461
-1.25496
-1.25506
-1.2547
-1.25464
-1.25535
-1.25555
-1.25553
-1.25483
-1.25452
-1.25461
-1.25485
-1.25456
-1.25468
-1.2546
-1.25504
-1.25485
-1.25489
-1.25475
-1.25468
-1.2549
-1.25477
-1.2546
-1.25422
-1.25398
-1.25404
-1.25405
-1.25396
-1.25446
-1.25377
-1.25377
-1.25394
-1.25388
-1.25339
-1.25377
-1.25359
-1.25383
-1.25368
-1.25332
-1.25314
-1.25334
-1.25299
-1.25254
-1.25234
-1.25193
-1.2521
-1.25207
-1.25203
-1.25157
-1.25146
-1.25143
-1.2512
-1.25151
-1.2508
-1.25021
-1.24984
-1.24968
-1.24971
-1.24982
-1.25007
-1.2499
-1.24941
-1.24901
-1.24875
-1.24868
-1.24911
-1.2493
-1.24954
-1.24951
-1.24928
-1.24926
-1.2489
-1.24905
-1.24904
-1.24905
-1.24949
-1.24895
-1.24876
-1.24832
-1.24827
-1.24841
-1.24849
-1.24836
-1.24809
-1.24851
-1.24889
-1.24829
-1.24876
-1.24906
-1.24946
-1.24951
-1.24928
-1.24939
-1.24952
-1.24998
-1.24984
-1.25023
-1.2501
-1.24979
-1.24952
-1.24934
-1.24916
-1.24883
-1.24888
-1.24888
-1.24843
-1.24842
-1.24861
-1.24839
-1.24815
-1.2486
-1.24836
-1.2486
-1.24795
-1.24774
-1.24737
-1.24698
-1.24699
-1.24686
-1.24657
-1.24654
-1.24652
-1.24614
-1.24596
-1.24582
-1.24564
-1.24578
-1.24576
-1.24619
-1.24672
-1.24687
-1.24638
-1.24599
-1.24671
-1.24674
-1.24703
-1.24689
-1.2467
-1.24673
-1.24708
-1.24691
-1.24695
-1.24727
-1.24746
-1.24792
-1.24842
-1.24852
-1.2485
-1.24852
-1.24825
-1.24809
-1.24834
-1.24817
-1.24891
-1.24934
-1.24936
-1.25003
-1.25006
-1.25009
-1.25025
-1.25061
-1.25128
-1.25156
-1.25113
-1.25079
-1.25035
-1.25033
-1.25107
-1.25073
-1.25077
-1.25096
-1.2514
-1.2516
-1.25117
-1.25154
-1.25139
-1.25155
-1.25198
-1.25227
-1.25197
-1.25175
-1.25166
-1.25168
-1.25174
-1.25163
-1.25147
-1.25148
-1.2511
-1.25046
-1.2503
-1.25074
-1.2506
-1.25087
-1.2506
-1.25074
-1.25069
-1.25038
-1.2506
-1.25077
-1.251
-1.25058
-1.25056
-1.25075
-1.25102
-1.25093
-1.25126
-1.25121
-1.25132
-1.25137
-1.25149
-1.25099
-1.25064
-1.25073
-1.25087
-1.25099
-1.2513
-1.25215
-1.25252
-1.25279
-1.25314
-1.25312
-1.25349
-1.25367
-1.25428
-1.25456
-1.25475
-1.25444
-1.25529
-1.25501
-1.25533
-1.2547
-1.25449
-1.25459
-1.25465
-1.25443
-1.25427
-1.25406
-1.25414
-1.25409
-1.25419
-1.25413
-1.25406
-1.25366
-1.2535
-1.25324
-1.25259
-1.25235
-1.25279
-1.25318
-1.25379
-1.254
-1.25412
-1.2542
-1.25397
-1.25336
-1.25358
-1.25321
-1.25312
-1.25302
-1.25291
-1.25258
-1.25195
-1.25166
-1.25224
-1.2523
-1.25281
-1.25296
-1.25244
-1.25271
-1.25309
-1.25317
-1.2529
-1.25278
-1.25363
-1.25316
-1.25275
-1.25239
-1.25245
-1.25215
-1.2527
-1.25268
-1.25269
-1.25304
-1.25285
-1.25272
-1.25283
-1.2525
-1.25276
-1.25345
-1.25351
-1.25376
-1.25401
-1.25403
-1.25469
-1.25429
-1.25449
-1.25462
-1.25431
-1.25475
-1.25476
-1.25497
-1.25479
-1.25486
-1.25482
-1.25461
-1.25423
-1.2544
-1.25421
-1.25449
-1.2544
-1.25448
-1.25493
-1.25515
-1.25524
-1.25492
-1.25522
-1.25462
-1.25414
-1.25407
-1.25381
-1.25401
-1.25393
-1.25385
-1.25364
-1.25317
-1.25274
-1.25293
-1.25221
-1.25219
-1.25178
-1.25201
-1.25257
-1.25213
-1.25161
-1.25161
-1.2518
-1.25204
-1.25193
-1.25203
-1.25189
-1.25206
-1.2524
-1.25217
-1.25209
-1.25228
-1.25236
-1.25278
-1.25215
-1.25204
-1.25153
-1.25113
-1.2511
-1.25065
-1.2507
-1.25102
-1.25041
-1.25003
-1.24954
-1.24941
-1.2495
-1.24977
-1.24979
-1.25051
-1.25037
-1.25047
-1.25027
-1.25017
-1.24954
-1.24996
-1.24959
-1.24932
-1.24961
-1.24927
-1.24896
-1.24949
-1.2497
-1.24973
-1.24935
-1.24962
-1.24947
-1.24973
-1.24975
-1.24969
-1.24927
-1.24907
-1.24901
-1.24956
-1.24927
-1.24897
-1.24889
-1.24862
-1.24854
-1.24857
-1.2482
-1.24825
-1.24815
-1.24827
-1.24852
-1.24796
-1.24775
-1.24771
-1.24743
-1.24766
-1.24758
-1.24776
-1.24798
-1.24741
-1.24772
-1.24758
-1.24789
-1.24825
-1.24786
-1.24778
-1.24744
-1.24787
-1.24707
-1.24686
-1.24691
-1.24696
-1.24661
-1.24632
-1.24634
-1.24618
-1.24627
-1.24678
-1.2468
-1.24689
-1.24713
-1.24695
-1.24686
-1.24678
-1.24644
-1.24644
-1.24643
-1.24639
-1.24618
-1.24611
-1.24659
-1.24674
-1.24633
-1.24596
-1.24546
-1.24581
-1.24556
-1.24542
-1.24544
-1.24505
-1.24534
-1.24486
-1.2449
-1.24506
-1.24469
-1.2451
-1.24491
-1.2446
-1.24516
-1.24518
-1.2452
-1.24533
-1.24504
-1.24504
-1.24541
-1.24511
-1.24447
-1.24455
-1.24456
-1.24479
-1.24524
-1.2449
-1.24488
-1.24495
-1.24483
-1.24497
-1.24481
-1.2445
-1.24445
-1.24474
-1.24483
-1.24474
-1.24446
-1.24449
-1.24425
-1.24427
-1.24437
-1.24433
-1.24433
-1.2439
-1.2444
-1.24439
-1.24467
-1.24435
-1.2445
-1.24459
-1.24411
-1.24409
-1.24408
-1.24415
-1.24412
-1.24365
-1.24349
-1.24356
-1.24397
-1.24356
-1.2438
-1.24418
-1.24407
-1.24514
-1.24451
-1.24477
-1.24484
-1.24456
-1.24489
-1.24479
-1.24516
-1.24476
-1.24497
-1.24532
-1.24535
-1.24531
-1.2457
-1.24577
-1.24572
-1.24595
-1.24544
-1.24537
-1.24506
-1.24458
-1.24465
-1.2447
-1.24488
-1.24497
-1.24464
-1.24462
-1.2446
-1.24462
-1.2445
-1.24445
-1.24369
-1.24336
-1.24353
-1.24352
-1.24359
-1.24306
-1.24336
-1.24347
-1.24366
-1.24391
-1.24393
-1.24401
-1.24378
-1.24383
-1.24379
-1.24374
-1.24363
-1.2438
-1.24326
-1.2432
-1.24331
-1.24329
-1.24348
-1.24302
-1.24259
-1.24254
-1.24308
-1.24264
-1.24244
-1.24213
-1.24222
-1.24186
-1.24153
-1.2415
-1.24145
-1.24155
-1.2413
-1.24138
-1.24179
-1.24174
-1.24202
-1.24226
-1.2424
-1.24187
-1.24194
-1.2419
-1.24228
-1.24233
-1.24213
-1.2419
-1.24153
-1.24135
-1.24098
-1.24109
-1.24057
-1.2403
-1.24046
-1.24091
-1.24087
-1.24039
-1.24032
-1.24068
-1.24052
-1.24067
-1.24064
-1.24128
-1.2411
-1.24103
-1.24093
-1.24016
-1.24052
-1.2404
-1.24016
-1.24014
-1.23986
-1.23996
-1.23987
-1.24021
-1.23971
-1.23951
-1.23968
-1.23965
-1.23959
-1.23941
-1.23922
-1.23895
-1.23932
-1.23834
-1.23872
-1.23866
-1.23793
-1.23765
-1.23746
-1.23725
-1.23759
-1.23821
-1.23828
-1.23812
-1.23802
-1.23779
-1.23826
-1.23878
-1.23928
-1.23932
-1.23944
-1.2402
-1.23999
-1.23946
-1.23912
-1.23836
-1.23814
-1.23811
-1.2383
-1.23781
-1.23834
-1.23815
-1.23754
-1.237
-1.23695
-1.23686
-1.23685
-1.23692
-1.23632
-1.23659
-1.23663
-1.23635
-1.23623
-1.23646
-1.23623
-1.23581
-1.23514
-1.23528
-1.2358
-1.23574
-1.2357
-1.23552
-1.23538
-1.23505
-1.23479
-1.23442
-1.23425
-1.23364
-1.23303
-1.23283
-1.23311
-1.23282
-1.23303
-1.23282
-1.23287
-1.23299
-1.23293
-1.23322
-1.23337
-1.23338
-1.23331
-1.23278
-1.23258
-1.23237
-1.23269
-1.2328
-1.23274
-1.2326
-1.23319
-1.23243
-1.23205
-1.2317
-1.23207
-1.23148
-1.23116
-1.2308
-1.23059
-1.2308
-1.23062
-1.23075
-1.23092
-1.23068
-1.23016
-1.22989
-1.23055
-1.23007
-1.22944
-1.22976
-1.22972
-1.23007
-1.22997
-1.23009
-1.23039
-1.23088
-1.23084
-1.23109
-1.23148
-1.23121
-1.23147
-1.23162
-1.23156
-1.23096
-1.23119
-1.23082
-1.23071
-1.23076
-1.2303
-1.23012
-1.22968
-1.22983
-1.22969
-1.22934
-1.2294
-1.22965
-1.22987
-1.23014
-1.22975
-1.23001
-1.22962
-1.23004
-1.22957
-1.22963
-1.23044
-1.23061
-1.23075
-1.23088
-1.23124
-1.23149
-1.23152
-1.2311
-1.23105
-1.23111
-1.23138
-1.23121
-1.23168
-1.23197
-1.23202
-1.23229
-1.23212
-1.23221
-1.23215
-1.2322
-1.23239
-1.23236
-1.23229
-1.23265
-1.23214
-1.23251
-1.23229
-1.23269
-1.23276
-1.23289
-1.23202
-1.23233
-1.23208
-1.23179
-1.23175
-1.23133
-1.23089
-1.23087
-1.23082
-1.23137
-1.23167
-1.23105
-1.23073
-1.23092
-1.23113
-1.23142
-1.23125
-1.23162
-1.23208
-1.23168
-1.23142
-1.23187
-1.23201
-1.23246
-1.23277
-1.23212
-1.23227
-1.23199
-1.23186
-1.23188
-1.23262
-1.23226
-1.23217
-1.23226
-1.23232
-1.23221
-1.23211
-1.23188
-1.23192
-1.23186
-1.23139
-1.2315
-1.23171
-1.23132
-1.23126
-1.23151
-1.23111
-1.2309
-1.23084
-1.23114
-1.23114
-1.23151
-1.23171
-1.23183
-1.23237
-1.23228
-1.23222
-1.23244
-1.23212
-1.23189
-1.23198
-1.23186
-1.23182
-1.23202
-1.23226
-1.23187
-1.23229
-1.23253
-1.23224
-1.23181
-1.23175
-1.23198
-1.23194
-1.23227
-1.23197
-1.2317
-1.23183
-1.23201
-1.23239
-1.23275
-1.23214
-1.23187
-1.23172
-1.23152
-1.23215
-1.23224
-1.232
-1.23172
-1.23217
-1.23227
-1.23214
-1.23216
-1.23193
-1.2313
-1.232
-1.23153
-1.23215
-1.23212
-1.23171
-1.23122
-1.23194
-1.23157
-1.23183
-1.23249
-1.23252
-1.23278
-1.23273
-1.23295
-1.23392
-1.23375
-1.23306
-1.23349
-1.23353
-1.23317
-1.23309
-1.23283
-1.23247
-1.23284
-1.23229
-1.23234
-1.23208
-1.23158
-1.23191
-1.23202
-1.2317
-1.23193
-1.23202
-1.23211
-1.23195
-1.23211
-1.23135
-1.23164
-1.23142
-1.23167
-1.23153
-1.23114
-1.231
-1.2307
-1.23052
-1.23011
-1.22992
-1.23021
-1.22992
-1.23046
-1.23049
-1.23052
-1.2304
-1.23064
-1.23084
-1.23082
-1.23018
-1.23018
-1.2302
-1.22989
-1.22928
-1.22876
-1.22859
-1.2281
-1.22837
-1.22801
-1.2276
-1.22795
-1.22764
-1.22766
-1.22801
-1.22844
-1.2285
-1.22799
-1.22813
-1.22833
-1.22825
-1.22855
-1.22833
-1.22811
-1.22803
-1.2279
-1.2279
-1.22769
-1.22694
-1.22675
-1.22681
-1.22717
-1.22684
-1.22692
-1.22627
-1.22594
-1.22603
-1.22628
-1.22597
-1.22589
-1.2262
-1.22648
-1.22633
-1.2267
-1.22615
-1.22676
-1.22675
-1.22637
-1.22613
-1.2262
-1.22571
-1.22649
-1.22605
-1.22555
-1.22551
-1.22552
-1.2259
-1.22546
-1.22485
-1.225
-1.22589
-1.22574
-1.22581
-1.22594
-1.22558
-1.22558
-1.22565
-1.22572
-1.2262
-1.22607
-1.22613
-1.22623
-1.2259
-1.22565
-1.22539
-1.22563
-1.22516
-1.22483
-1.22487
-1.22454
-1.22525
-1.2257
-1.22587
-1.22581
-1.22589
-1.22583
-1.22602
-1.22611
-1.22613
-1.22668
-1.22677
-1.2268
-1.22741
-1.22737
-1.22716
-1.22704
-1.22735
-1.22713
-1.22733
-1.22735
-1.22781
-1.22744
-1.22739
-1.22722
-1.22739
-1.22762
-1.22803
-1.22858
-1.22882
-1.2295
-1.22947
-1.22924
-1.22947
-1.22961
-1.22897
-1.22894
-1.22879
-1.22866
-1.22873
-1.2286
-1.22895
-1.22853
-1.22903
-1.22863
-1.22813
-1.22817
-1.22833
-1.22843
-1.22824
-1.2278
-1.22754
-1.22741
-1.22694
-1.22698
-1.2275
-1.22756
-1.2282
-1.22832
-1.22834
-1.2284
-1.22853
-1.22859
-1.2291
-1.22934
-1.22986
-1.22917
-1.22883
-1.22898
-1.22923
-1.22993
-1.23017
-1.22966
-1.23018
-1.23009
-1.23009
-1.22972
-1.22955
-1.22955
-1.22901
-1.22855
-1.22829
-1.22776
-1.22746
-1.22728
-1.22737
-1.22771
-1.22791
-1.22772
-1.22734
-1.22722
-1.22741
-1.22771
-1.22755
-1.22755
-1.22758
-1.22752
-1.22761
-1.22787
-1.22831
-1.22839
-1.22833
-1.22776
-1.22763
-1.22713
-1.22692
-1.22668
-1.22674
-1.22719
-1.22723
-1.2266
-1.22671
-1.22616
-1.22569
-1.22504
-1.2255
-1.22574
-1.22607
-1.22646
-1.22593
-1.22593
-1.2258
-1.22587
-1.22594
-1.22607
-1.22646
-1.22664
-1.22626
-1.22589
-1.22532
-1.22522
-1.22496
-1.22494
-1.22517
-1.22539
-1.22601
-1.22581
-1.22564
-1.22591
-1.22591
-1.22609
-1.22536
-1.22528
-1.22522
-1.22553
-1.22626
-1.22629
-1.226
-1.22601
-1.22691
-1.22718
-1.22763
-1.22783
-1.22855
-1.22894
-1.22916
-1.22924
-1.22894
-1.22877
-1.22866
-1.22836
-1.2276
-1.22731
-1.22704
-1.22703
-1.22668
-1.22692
-1.2274
-1.22697
-1.22699
-1.22679
-1.22666
-1.22706
-1.2268
-1.2273
-1.22719
-1.22776
-1.22735
-1.22721
-1.22778
-1.22822
-1.22831
-1.22929
-1.22996
-1.23009
-1.22998
-1.22972
-1.22929
-1.22902
-1.22899
-1.22941
-1.22935
-1.22886
-1.22925
-1.22956
-1.22968
-1.22939
-1.22981
-1.2299
-1.22954
-1.22951
-1.22935
-1.22955
-1.22986
-1.23033
-1.23047
-1.23064
-1.23
-1.22955
-1.22922
-1.22994
-1.22991
-1.22988
-1.22929
-1.22976
-1.22994
-1.23
-1.22975
-1.22912
-1.22924
-1.22918
-1.22908
-1.22951
-1.22924
-1.22911
-1.22882
-1.22853
-1.2286
-1.22814
-1.2285
-1.2285
-1.22898
-1.22913
-1.22853
-1.22819
-1.22797
-1.22804
-1.22822
-1.22814
-1.22817
-1.22809
-1.22793
-1.22811
-1.22814
-1.22855
-1.22842
-1.22841
-1.22865
-1.22892
-1.22759
-1.22766
-1.22759
-1.22779
-1.22775
-1.22719
-1.22674
-1.2266
-1.22565
-1.22559
-1.22542
-1.2254
-1.22551
-1.2259
-1.22544
-1.22549
-1.22575
-1.22593
-1.22574
-1.22606
-1.22601
-1.22552
-1.22556
-1.22517
-1.22505
-1.2249
-1.22445
-1.22433
-1.22474
-1.22491
-1.22495
-1.2246
-1.22414
-1.22344
-1.2229
-1.2228
-1.22277
-1.22273
-1.2233
-1.22284
-1.22293
-1.22247
-1.22199
-1.22243
-1.22219
-1.22209
-1.22173
-1.2221
-1.2218
-1.22176
-1.22159
-1.22143
-1.22136
-1.22118
-1.22063
-1.22064
-1.22052
-1.22038
-1.22091
-1.22087
-1.22094
-1.22094
-1.22075
-1.22106
-1.22085
-1.2209
-1.22037
-1.22021
-1.21989
-1.22018
-1.22007
-1.21997
-1.22001
-1.21984
-1.21989
-1.22001
-1.21976
-1.21991
-1.2197
-1.22016
-1.22032
-1.22035
-1.22043
-1.22004
-1.22018
-1.21996
-1.21969
-1.21996
-1.2202
-1.21986
-1.21961
-1.2197
-1.22021
-1.21991
-1.21961
-1.21909
-1.21896
-1.21867
-1.21846
-1.2186
-1.21924
-1.21912
-1.21953
-1.21927
-1.21908
-1.2193
-1.21907
-1.21911
-1.21967
-1.21942
-1.21984
-1.21961
-1.21995
-1.21974
-1.22042
-1.21983
-1.21986
-1.21979
-1.21985
-1.22026
-1.22036
-1.2203
-1.22023
-1.21981
-1.22007
-1.21987
-1.22016
-1.21976
-1.21971
-1.21987
-1.21958
-1.21996
-1.22001
-1.22036
-1.21986
-1.22046
-1.22064
-1.22074
-1.22103
-1.22132
-1.22105
-1.22166
-1.22203
-1.22172
-1.22154
-1.22121
-1.22134
-1.22109
-1.22128
-1.22144
-1.22168
-1.22163
-1.22133
-1.22139
-1.22179
-1.22206
-1.2223
-1.2224
-1.22227
-1.22274
-1.22336
-1.22313
-1.22307
-1.223
-1.22395
-1.22356
-1.22349
-1.22362
-1.22382
-1.22366
-1.22394
-1.22379
-1.22369
-1.22314
-1.22284
-1.2233
-1.22382
-1.22372
-1.2237
-1.22349
-1.22332
-1.223
-1.22299
-1.22347
-1.22361
-1.22403
-1.22386
-1.22315
-1.22266
-1.22275
-1.22311
-1.22324
-1.22322
-1.22345
-1.22384
-1.2242
-1.22446
-1.22415
-1.22461
-1.22381
-1.22396
-1.22422
-1.22384
-1.2235
-1.22352
-1.22349
-1.22373
-1.22356
-1.22337
-1.22325
-1.22313
-1.22356
-1.22314
-1.22269
-1.22244
-1.22291
-1.22248
-1.22193
-1.22207
-1.22167
-1.2217
-1.22209
-1.22196
-1.22223
-1.22192
-1.22202
-1.22162
-1.22192
-1.22166
-1.22148
-1.22126
-1.22131
-1.22143
-1.22132
-1.22154
-1.22125
-1.22115
-1.22116
-1.22019
-1.2204
-1.22066
-1.22017
-1.21972
-1.21979
-1.21941
-1.21921
-1.2197
-1.21958
-1.21937
-1.21927
-1.21888
-1.21866
-1.21855
-1.21846
-1.21847
-1.21777
-1.2178
-1.21794
-1.21736
-1.21717
-1.21658
-1.21624
-1.21654
-1.21627
-1.21571
-1.21591
-1.21584
-1.2156
-1.21609
-1.21607
-1.21592
-1.21582
-1.21569
-1.21581
-1.21607
-1.21535
-1.21441
-1.21467
-1.21494
-1.21495
-1.2147
-1.21452
-1.2146
-1.21446
-1.21483
-1.21415
-1.21463
-1.21533
-1.21569
-1.21563
-1.21548
-1.21525
-1.21488
-1.21453
-1.21408
-1.21388
-1.21364
-1.21409
-1.21322
-1.2137
-1.21354
-1.21268
-1.21246
-1.21241
-1.21219
-1.21201
-1.21162
-1.21156
-1.21188
-1.21225
-1.21178
-1.21165
-1.21158
-1.21178
-1.21164
-1.21151
-1.21137
-1.21155
-1.21107
-1.21107
-1.21071
-1.21058
-1.21068
-1.21059
-1.2109
-1.21058
-1.21102
-1.21108
-1.2111
-1.21142
-1.21136
-1.21133
-1.21121
-1.21116
-1.21144
-1.21149
-1.2115
-1.21107
-1.21156
-1.21122
-1.21102
-1.21128
-1.21143
-1.21104
-1.21175
-1.21228
-1.2116
-1.21177
-1.21211
-1.21205
-1.21254
-1.21273
