1.82934
1.45402
1.54685
1.07529
1.39379
1.91918
1.33918
1.94752
2.35523
1.97948
1.27645
1.41889
1.87453
2.24274
2.05759
2.03403
1.49018
1.97784
1.91035
1.68279
2.61829
1.99301
1.26947
2.27436
1.32558
1.99585
2.45604
1.56292
2.3202
1.46659
2.58926
1.88433
1.71449
1.92121
1.81719
1.48879
1.73723
1.16478
1.43689
1.76993
1.37642
1.54184
2.23654
1.44029
1.17101
1.65753
1.3101
1.77405
1.3344
1.37789
1.16942
1.44105
1.49769
1.2584
1.40965
1.22582
1.30094
1.40487
1.24788
1.24588
1.12762
1.09188
1.14062
1.3322
1.28303
1.21874
1.2669
1.32005
1.24942
1.13313
1.23214
1.17559
1.10363
1.2339
1.1143
1.29643
1.15317
1.20375
1.22486
1.29669
1.20073
1.02451
1.32953
1.26142
1.22131
1.0789
1.11382
1.15538
1.10256
1.13978
1.27777
1.05742
1.2434
1.16582
1.25735
1.12559
1.18656
1.11135
1.2902
1.15563
1.15064
1.08839
1.16744
1.39941
0.991811
1.20531
1.21724
1.2039
1.19338
1.38502
1.23429
1.189
1.15363
1.09597
1.23404
1.08513
1.33033
1.11639
1.4072
1.3051
1.18591
1.12474
1.22317
1.10734
1.13125
1.29442
1.14157
1.22017
1.25367
1.27257
1.31164
1.23215
1.15883
1.2054
1.10375
1.09362
1.22692
1.19499
1.12305
1.1302
1.00668
1.21605
1.11065
1.09473
1.01798
1.07196
1.04051
1.09147
1.156
1.09773
1.00612
1.08411
1.19894
1.11669
1.11308
1.12506
1.13743
1.02763
1.09454
1.09515
1.10415
1.09651
1.14337
1.07103
1.15459
1.11936
1.0918
1.09909
1.06587
1.05383
1.14768
1.1329
1.08039
1.07282
1.16092
1.04301
1.10529
1.13977
1.18762
1.16378
1.17669
1.11791
1.06834
1.0532
1.15474
1.09079
1.14956
1.18617
1.10016
1.16868
1.06324
1.12224
1.05836
1.00935
1.1268
1.17071
1.03177
1.07032
1.15195
1.0624
1.09961
1.09716
1.11861
1.05396
1.10967
1.06008
1.10166
1.09254
1.12889
1.05638
1.03771
1.06916
1.11059
1.18459
1.0452
1.10685
1.14161
1.08215
1.04078
1.06803
1.07056
1.07002
1.17587
1.18373
1.25705
1.06162
1.09645
1.22028
1.08415
1.21351
1.20003
1.06857
1.04885
1.18658
1.24275
1.26513
1.12526
1.0954
1.07162
1.14476
1.19103
1.15541
1.14272
1.16655
1.12372
1.11531
1.18741
1.11918
1.15624
1.1871
1.12094
1.07489
1.22579
1.10974
1.19004
1.22881
1.06914
1.19371
1.09951
1.17395
1.2052
1.25023
1.23399
1.19103
1.21193
1.14761
1.16222
1.32576
1.36449
1.08866
1.13715
1.26809
1.20812
1.22697
1.15168
1.17003
1.20414
1.02137
1.13843
1.23327
1.32291
1.23877
1.24909
1.24922
1.13406
1.23689
1.05701
1.16491
1.20758
1.25419
1.15651
1.1616
1.14879
1.03543
1.23984
1.24399
1.19677
1.13003
1.22989
1.32349
1.25349
1.08231
1.17905
1.37052
1.21938
1.30507
1.2861
1.36973
1.07858
1.3587
1.20756
1.31657
1.15139
1.32625
1.2199
1.17803
1.34018
1.26402
1.15861
1.34212
1.2343
1.15836
1.22335
1.22911
1.28122
1.09212
1.09486
1.12018
1.30802
1.30431
1.16009
1.55345
1.20676
1.50063
1.26347
1.31839
1.22104
1.31205
1.2406
1.1167
1.18027
1.11299
1.11912
1.31613
1.34773
1.1507
1.27665
1.21084
1.36996
1.14141
1.37032
1.20317
1.17458
1.37969
1.27583
1.22428
1.1534
1.33077
1.38241
1.46568
1.44806
1.51196
1.20315
1.41094
1.30365
1.3878
1.13767
1.40949
1.34713
1.3007
1.39862
1.34312
1.16025
1.30843
1.40879
1.38694
1.20425
1.50449
1.52316
1.32327
1.48769
1.44181
1.3982
1.62148
1.2069
1.60404
1.41369
1.61212
1.43654
1.52164
1.36168
1.4155
1.75898
1.35456
1.58345
1.36628
1.43021
1.36024
1.25281
1.12397
1.55526
1.4732
1.16827
1.29929
1.57548
1.38406
1.41449
1.30202
1.41518
1.37945
1.62219
1.37233
1.42272
1.32503
1.24667
1.2194
1.33064
1.17163
1.33858
1.37208
1.36015
1.47602
1.41059
1.39187
1.49467
1.3024
1.40525
1.274
1.45511
1.3441
1.44445
1.31358
1.5899
1.5481
1.43061
1.52572
1.5952
1.34281
1.37646
1.45604
1.52778
1.30159
1.40014
1.5896
1.40316
1.2401
1.55071
1.48168
1.51215
1.33488
1.60106
1.425
1.40425
1.55527
1.43303
1.48318
1.4822
1.81111
1.32829
1.74176
1.48117
1.61665
1.35333
1.56684
1.7481
1.56707
1.29417
1.46044
1.54841
1.36462
1.33098
1.90929
1.43312
1.46382
1.69098
1.65048
1.44975
1.33048
1.54328
1.36637
1.62834
1.13437
1.3248
1.50306
1.81732
1.83934
1.36859
1.61479
1.34812
1.15512
1.8136
1.56505
1.36297
1.67915
1.47656
1.72822
1.90683
1.24736
1.76127
1.38594
1.46796
1.5001
1.66673
1.67346
1.22346
1.9452
1.97353
1.55791
1.5771
1.62936
1.7362
1.8634
1.96647
1.83092
1.41461
2.13321
2.10759
1.37496
1.48104
1.97307
1.8092
1.61371
1.66759
1.57715
1.7345
1.49332
1.59552
1.53862
2.10423
1.96991
2.02699
1.5124
1.57014
1.65733
1.54238
1.96487
1.3224
1.55593
1.58462
1.33027
2.05625
1.42878
1.60427
1.8378
1.84448
2.11828
1.73007
1.80549
1.65529
1.51051
2.14931
1.98999
2.02097
1.43475
1.70083
1.69467
2.11801
1.46289
1.46231
1.44806
1.86972
1.71859
2.09118
1.35289
1.9897
2.16708
1.67224
2.01778
1.58237
1.71224
1.89519
1.98251
1.74202
1.72299
1.68651
1.74571
1.87377
1.95664
1.44606
2.03452
1.53047
1.60985
1.32216
1.4599
1.88853
1.52619
1.70766
2.19341
1.63315
1.72124
1.68151
1.76025
1.39479
1.71142
1.76154
1.63246
1.3491
1.61545
1.60496
1.68747
1.75726
1.38725
1.69399
1.8268
1.61099
1.78856
1.65034
1.7595
1.72039
1.65469
1.55939
1.64308
1.74654
1.53177
1.19775
2.04377
1.24853
1.56765
1.80686
1.55521
1.28967
1.42423
1.24623
1.69275
1.38588
1.83326
1.45829
1.72709
1.67159
1.63517
1.31365
1.87072
1.4407
1.83108
1.40748
2.22711
1.55249
1.42919
1.81147
1.5343
1.675
1.6097
1.41931
1.47667
1.28434
1.475
1.75736
1.68944
1.79476
1.83447
1.15831
1.47746
1.77988
1.48282
1.49527
1.45981
1.87624
1.57525
1.36034
1.45017
1.81699
1.49002
1.93925
1.17377
1.52333
1.47462
1.47949
1.36163
1.48763
1.72983
1.39961
1.55833
1.47762
1.45056
1.58076
1.62091
1.64242
1.43481
1.56954
1.3105
1.69107
1.21392
1.51937
1.40489
1.4585
1.30957
1.49116
1.27014
1.58149
1.36106
1.50981
1.80744
1.39851
1.68065
1.47783
1.3933
1.24499
1.22616
1.4114
1.48102
1.60736
1.38611
1.30455
1.63477
1.47902
1.38547
1.57316
1.4069
1.36912
1.31183
1.35084
1.22169
1.5529
1.42246
1.39088
1.45585
1.43635
1.65108
1.21658
1.41069
1.44109
1.33343
1.35491
1.36418
1.27927
1.30198
1.59155
1.45828
1.45126
1.27478
1.36733
1.32102
1.41189
1.34996
1.51855
1.53524
1.3137
1.39152
1.32937
1.34146
1.46923
1.36852
1.26266
1.28925
1.44279
1.5443
1.34665
1.40041
1.16014
1.27781
1.33937
1.46343
1.56392
1.18977
1.05587
1.21433
1.31731
1.35729
1.42166
1.19015
1.25235
1.36025
1.47041
1.25696
1.4827
1.32825
1.195
1.25639
1.40981
1.25031
1.56537
1.4064
1.5545
1.31961
1.2717
1.50273
1.30462
1.36338
1.57745
1.49114
1.56114
1.37005
1.26455
1.27112
1.4455
1.44371
1.25103
1.7482
1.42379
1.4584
1.37307
1.40608
1.34267
1.07206
1.51136
1.39674
1.39571
1.30069
1.31203
1.53311
1.22912
1.34439
1.40069
1.57455
1.40792
1.42418
1.47069
1.31836
1.38875
1.40967
1.52314
1.19995
1.40994
1.30116
1.45545
1.34894
1.28392
1.26623
1.36875
1.43174
1.79133
1.33192
1.4735
1.55456
1.36368
1.56962
1.23972
1.24417
1.58935
1.21893
1.54497
1.48311
1.467
1.53618
1.22785
1.38664
1.6346
1.64517
1.40202
1.40448
1.57357
1.27175
1.49249
1.32791
1.54506
1.4083
1.64378
1.45979
1.51318
1.46562
1.4169
1.56843
1.65357
1.40975
1.50536
1.49877
1.51701
1.53719
1.38598
1.379
1.44143
1.28498
1.64951
1.25081
1.67273
1.60745
1.39506
1.20855
1.3419
1.28234
1.56576
1.31262
1.27882
1.24876
1.36628
1.34837
1.38651
1.54966
1.49344
1.50894
1.39493
1.46075
1.26463
1.65002
1.52007
1.37299
1.34122
1.33047
1.45043
1.50401
1.36908
1.21587
1.35779
1.15402
1.51452
1.36997
1.43956
1.49489
1.38146
1.20425
1.35837
1.37184
1.2192
1.28173
1.32281
1.41996
1.39122
1.20624
1.33458
1.62986
1.33205
1.39221
1.27655
1.25861
1.05636
1.58663
1.28918
1.14345
1.69962
1.28581
1.35135
1.2464
1.13702
1.27499
1.15319
1.19121
1.24862
1.57946
1.26185
1.4013
1.32019
1.50653
1.46564
1.4567
1.45138
1.51512
1.35902
1.10042
1.4856
1.4092
1.24459
1.51078
1.29623
1.54973
1.38531
1.36874
1.54127
1.35247
1.34873
1.39222
1.62973
1.21536
1.36033
1.19535
1.32402
1.37383
1.26279
1.28723
1.17222
1.69067
1.36366
1.4363
1.50606
1.27024
1.22152
1.52299
1.41272
1.26073
1.39948
1.08072
1.4803
1.45961
1.2878
1.23417
1.23607
1.33426
1.28806
1.42544
1.30007
1.3327
1.37522
1.20783
1.28605
1.4834
1.32984
1.33114
1.24776
1.26979
1.39159
1.45117
1.58442
1.3612
1.32447
1.33649
1.13897
1.52863
1.29815
1.37258
1.33412
1.25311
1.16466
1.47523
1.38585
1.55142
1.22175
1.56166
1.22728
1.31606
1.31706
1.47751
1.45432
1.45125
1.37476
1.22652
1.28628
1.33118
1.5287
1.15356
1.41847
1.30599
1.14884
1.28446
1.1923
1.45177
1.42859
1.39708
1.30428
1.31
1.32467
1.36346
1.25686
1.34447
1.17922
1.32081
1.19734
1.2738
1.29581
1.33723
1.45249
1.35113
1.20909
1.27735
1.26123
1.34842
1.31304
1.2207
1.31806
1.67161
1.24657
1.38349
1.364
1.31517
1.3731
1.18174
1.64214
1.19368
1.2898
1.21873
1.18312
1.41294
1.53412
1.54248
1.34921
1.11322
1.37777
1.31919
1.25476
1.38288
1.26266
1.40438
1.16686
1.36879
1.18501
1.26038
1.07066
1.3016
1.42067
1.1852
1.21692
1.35791
1.27036
1.32705
1.32041
1.37414
1.23638
1.30528
1.29487
1.28505
1.07307
1.35623
1.31507
1.21343
1.22452
1.29572
1.16432
1.39172
1.64393
1.27131
1.30054
1.28242
1.24396
1.47979
1.29136
1.21987
1.32934
1.25441
1.11148
1.28583
1.20011
1.18582
1.26033
1.13996
1.31086
1.17678
1.26267
1.17125
1.26565
1.26142
1.10068
1.34535
1.21191
1.30396
1.17039
1.24758
1.19314
1.17623
1.26522
1.16158
1.29398
1.13061
1.09072
1.16364
1.44048
1.24293
1.42472
1.34421
1.27124
1.25713
1.22189
1.13628
1.16343
1.11932
1.27203
1.31981
1.33047
1.32656
1.27053
1.2816
1.29523
1.16737
1.24641
1.27844
1.32671
1.37105
1.25954
1.28898
1.33627
1.18339
1.29652
1.4763
1.30525
1.2267
1.25503
1.17681
1.19025
1.22727
1.22604
1.09544
1.22226
1.30299
1.22931
1.22187
1.52119
1.23411
1.19817
1.10274
1.16846
1.07685
1.28992
1.22876
1.43789
1.14616
1.2216
1.19787
1.22438
1.26977
1.27757
1.28834
1.23232
1.23949
1.34893
1.08605
1.23049
1.2744
1.25025
1.29841
1.33693
1.29768
1.25269
1.35652
1.2686
1.15153
1.16355
1.17034
1.39052
1.20103
1.2452
1.26734
1.34066
1.28906
1.33571
1.30795
1.12877
1.17078
1.38381
1.26189
1.193
1.14036
1.48317
1.36224
1.26714
1.13525
1.44868
1.38766
1.21748
1.31728
1.40378
1.25477
1.19146
1.39114
1.21554
1.04283
1.14166
1.22588
1.41535
1.20046
1.19717
1.34226
1.19599
1.34719
1.13421
1.24634
1.37485
1.16754
1.19598
1.29952
1.31956
1.21196
1.24342
1.28889
1.39143
1.0866
1.31808
1.34937
1.2785
1.12174
1.34699
1.23009
1.20282
1.39793
1.17868
1.39231
1.23422
1.51164
1.39989
1.23717
1.10128
1.30896
1.27623
1.35342
1.40751
1.25399
1.29092
1.16403
1.23808
1.27942
1.27712
1.42836
1.31986
1.25818
1.33611
1.24103
1.15229
1.35521
1.30633
1.16781
1.29296
1.28926
1.12285
1.13287
1.28
1.22871
1.47884
1.43693
1.26176
1.37321
1.36839
1.1767
1.23099
1.16854
1.20314
1.23113
1.57708
1.27794
1.44712
1.32868
1.3081
1.36189
1.19336
1.25508
1.22177
1.17218
1.27318
1.27053
1.25245
1.18275
1.31839
1.20495
1.12374
1.26338
1.11916
1.272
1.31777
1.30223
1.26595
1.19498
1.22654
1.2217
1.23757
1.2944
1.25371
1.27716
1.35777
1.29593
1.20155
1.29604
1.10901
1.34661
1.08433
1.24445
1.14324
1.22342
1.17521
1.27463
1.43314
1.20076
1.37721
1.44861
1.25971
1.26205
1.15414
1.09612
1.28623
1.19111
1.2142
1.1522
1.21184
1.24114
1.3176
1.2988
1.38147
1.20209
1.27439
1.05384
1.15873
1.16618
1.19693
1.22275
1.13678
1.28031
1.22082
1.24521
1.12231
1.31176
1.22515
1.24085
1.32084
1.15078
1.19054
1.18254
1.10159
1.27023
1.16955
1.12268
1.33611
1.11836
1.39372
1.38187
1.25265
1.03547
1.32605
1.2305
1.21742
1.14969
1.09466
1.41106
1.35084
1.17377
1.2036
1.37517
1.12028
1.2495
1.25462
1.25376
1.32038
1.39449
1.43121
1.19825
1.36256
1.19918
1.1799
1.11521
1.44593
1.2691
1.18725
1.19188
1.1183
1.17708
1.36147
1.20277
1.31048
1.25432
1.26068
1.18165
1.21574
1.20515
1.28374
1.38985
1.12452
1.25433
1.14145
1.10223
1.30482
1.22875
1.36
1.27179
1.10242
1.22297
1.16922
1.19893
1.16468
1.15766
1.04001
1.27347
1.26962
1.12403
1.13912
1.1499
1.19211
1.14704
1.20189
1.15876
1.2314
1.19456
1.28877
1.19626
1.16163
1.3051
1.26334
1.25677
1.13799
1.26367
1.19091
1.09512
1.13977
1.08301
1.18006
1.15029
1.37707
1.22461
1.08367
1.12958
1.07526
1.18281
1.19992
1.28614
1.19101
1.22231
1.18834
1.18443
1.16159
1.37216
1.28274
1.11491
1.26549
1.24941
1.36827
1.24399
1.16885
1.11584
1.18395
1.31094
1.16106
1.21437
1.2288
1.19492
1.15377
1.19596
1.15321
1.22477
1.19729
1.26208
1.22438
1.21209
1.23278
1.2054
1.1625
1.30529
1.15169
1.22268
1.29275
1.15162
1.10311
1.06108
1.26464
1.24631
1.14146
1.26044
1.36031
1.24107
1.27264
1.12214
1.21216
1.28999
1.21024
1.20755
1.15282
1.21538
1.18614
1.25326
1.19977
1.20936
1.0947
1.20635
1.19844
1.14345
1.32045
1.30215
1.13913
1.30961
1.32817
1.20687
1.18729
1.25758
1.29217
1.41639
1.20461
1.1437
1.23684
1.30496
1.22395
1.279
1.31666
1.28253
1.22071
1.21048
1.28726
1.27449
1.2881
1.26324
1.10551
1.05872
1.31178
1.22162
1.29619
1.21053
1.16026
1.1716
1.39119
1.30721
1.23467
1.21295
1.17636
1.19281
1.50314
1.34078
1.2618
1.20427
1.35508
1.27556
1.26818
1.17305
1.1092
1.34245
1.14036
1.24012
1.25418
1.23656
1.16852
1.24472
1.24802
1.19437
1.26459
1.14936
1.12934
1.18216
1.41131
1.20827
1.13455
1.13033
1.18164
1.14003
1.19113
1.15589
1.19479
1.15255
1.23036
1.14881
1.23318
1.17321
1.07409
1.32759
1.23535
1.17086
1.15369
1.34941
1.18404
1.3204
1.17575
1.30824
1.2126
1.16269
1.26179
1.31301
1.25659
1.1051
1.15759
1.21427
1.25744
1.23875
1.33563
1.29014
1.29855
1.22068
1.08768
1.23139
1.17646
1.3366
1.23082
1.29594
1.22889
1.47202
1.12201
1.2692
1.368
1.18813
1.19594
1.02042
1.1785
1.28382
1.2875
1.38793
1.34489
1.15478
1.26362
1.52849
1.09898
1.1949
1.23584
1.19737
1.23738
1.3769
1.30382
1.20796
1.21781
1.40992
1.20729
1.29545
1.19671
1.51824
1.34138
1.22418
1.15093
1.30289
1.21573
1.30435
1.21175
1.21217
1.42002
1.36638
1.31413
1.16906
1.22477
1.31209
1.35967
1.20779
1.26206
1.29375
1.17199
1.20041
1.26129
1.31612
1.18937
1.14484
1.11638
1.34711
1.18216
1.30504
1.12512
1.15798
1.35441
1.2808
1.24844
1.21787
1.17353
1.20233
1.17796
1.0653
1.17949
1.26603
1.25632
1.2277
1.19035
1.20682
1.15239
1.25547
1.10466
1.11299
1.1978
1.33383
1.28029
1.23855
1.19463
1.11574
1.20227
1.18441
1.2269
1.42046
1.36539
1.42876
1.34933
1.32657
1.28127
1.2867
1.36171
1.13716
1.32664
1.23777
1.20706
1.29085
1.19447
1.32368
1.18794
1.44112
1.2516
1.32376
1.39067
1.43314
1.37342
1.18008
1.36307
1.27473
1.34341
1.18933
1.25621
1.3653
1.32484
1.41104
1.28565
1.19796
1.38445
1.09689
1.36422
1.168
1.24432
1.35729
1.31251
1.36443
1.10278
1.19089
1.30929
1.17281
1.49926
1.31979
1.18405
1.02026
1.30075
1.32092
1.17915
1.31076
1.34228
1.34768
1.12007
1.17753
1.37706
1.21781
1.20982
1.32175
1.33568
1.15768
1.24234
1.36902
1.31133
1.18338
1.22936
1.09624
1.47236
1.24566
1.24239
1.16383
1.3776
1.27289
1.24549
1.15626
1.18421
1.43825
1.25683
1.338
1.30776
1.31928
1.28331
1.24117
1.22195
1.22332
1.35235
1.34435
1.37181
1.35605
1.26996
1.26523
1.16634
1.46553
1.30576
1.37529
1.33955
1.53399
1.26236
1.21005
1.26059
1.32307
1.221
1.35798
1.34286
1.28104
1.60378
1.50559
1.31723
1.39909
1.58439
1.5232
1.30207
1.16932
1.45047
1.46365
1.45769
1.36708
1.38811
1.50023
1.48292
1.37955
1.44681
1.66791
1.36396
1.30857
1.4827
1.30228
1.68473
1.57245
1.37447
1.41835
1.31789
1.5505
1.40676
1.43603
1.49554
1.11112
1.30101
1.15335
1.21042
1.44381
1.39058
1.49628
1.5724
1.22601
1.47487
1.46999
1.56121
1.34555
1.43431
1.55693
1.27861
1.5075
1.55907
1.33709
1.51977
1.56255
1.14389
1.27036
1.43556
1.36553
1.33461
1.49167
1.46918
1.26575
1.4049
1.33399
1.34011
1.54386
1.38016
1.23137
1.66631
1.65018
1.44194
1.51542
1.64318
1.46876
1.43915
1.52318
1.54173
1.26438
1.56703
1.34609
1.44868
1.21637
1.42166
1.58574
1.70767
1.37994
1.82695
1.36706
1.40241
1.55713
1.36119
1.37427
1.56263
1.5416
1.47109
1.3776
1.56412
1.42481
1.75872
1.35172
1.26795
1.53727
1.57616
1.38969
1.09244
1.56928
1.40909
1.52544
1.44056
1.52339
1.67841
1.65489
1.61717
1.64628
1.54749
1.71817
1.34846
1.32839
1.24927
1.62636
1.48839
1.29339
1.34459
1.48868
1.5511
1.63478
1.48439
1.53719
1.71991
1.61995
1.52762
1.60083
1.38346
1.34601
1.57975
1.24531
1.55611
1.67529
1.85238
1.49389
1.76906
1.66374
1.65506
1.43208
1.65699
1.61022
1.36837
1.50649
1.41486
1.46576
1.4391
1.39578
1.53969
1.53806
1.44284
1.58841
1.40781
1.62403
1.36525
1.44932
1.34822
1.56943
1.42711
1.48201
1.40284
1.5357
1.72339
1.53227
1.53104
1.5227
1.67821
1.61262
1.57777
1.67363
1.3971
1.84177
1.65544
1.47458
1.82349
1.47496
1.61747
1.37743
1.37817
1.85694
1.66286
1.58827
1.93429
1.60229
1.67793
1.57376
1.94624
1.58191
1.49972
1.54589
1.64051
1.68086
1.34679
1.62106
1.67952
1.48579
1.1408
1.42799
1.53602
1.86905
1.41953
1.55903
1.34422
1.67075
1.35004
1.39921
1.47495
1.16198
1.5293
1.46443
1.66782
1.44433
1.40266
1.32723
1.41085
1.72434
2.04446
1.29229
1.45662
1.51575
1.62806
1.66878
1.40073
1.4649
1.54464
1.88758
1.72176
1.33078
1.47706
1.36177
1.32065
1.76917
1.2372
1.42546
1.60289
1.3845
1.47248
1.31328
1.50493
1.51744
1.40364
1.52403
1.21581
1.60973
1.27425
1.49243
1.53243
1.64997
1.54401
1.42136
1.65158
1.40574
1.31252
1.2615
1.6152
1.4635
1.51884
1.62559
1.45686
1.60451
1.54664
1.42729
1.5312
1.27839
1.83868
1.56903
1.5959
1.80619
1.36455
1.468
1.74007
1.26525
1.85965
1.65028
1.4983
2.00366
1.90137
1.73595
1.43449
1.39149
1.32886
1.658
1.64395
1.58227
1.50448
1.42731
1.73792
1.58951
1.65105
1.64686
1.73263
2.01696
1.61329
1.23433
1.39344
1.54607
1.50597
1.49662
1.74973
1.9971
1.53944
1.48677
2.07116
1.72422
1.12343
1.30071
1.69821
1.32338
2.14289
1.76156
1.58571
1.4575
1.76073
1.57549
1.35564
1.56184
1.40806
1.42222
1.62146
1.69212
1.57722
2.10895
1.65153
1.45947
1.66213
1.73839
1.45133
1.86128
1.83516
1.66285
1.41654
1.58835
1.77663
1.4855
1.46415
1.63611
1.36698
1.31295
1.1291
1.77781
1.23069
1.29695
1.79953
1.61403
1.60083
1.77821
1.54372
1.6769
1.72824
1.37254
1.87128
1.37768
1.59258
1.36633
1.85853
1.44654
1.8414
1.79367
1.45854
1.56713
1.43144
1.62144
1.67528
1.81859
1.62363
2.01543
1.2951
1.25045
1.70388
1.77463
1.80443
1.34603
1.85287
1.48445
1.60173
1.63175
1.6694
1.38038
1.47967
2.10364
1.61163
1.4292
1.47483
1.72394
1.59212
2.00371
1.7728
1.68351
1.5647
1.82102
1.76843
1.77734
2.0036
1.56813
1.47132
1.60182
1.63845
1.54826
1.39928
1.78841
1.6122
1.38121
1.66232
1.62921
1.65999
1.35167
2.0745
1.35434
1.47507
1.65813
1.48228
1.41963
1.57208
1.54266
1.55313
1.68998
1.95181
1.64591
1.817
1.47151
1.69448
1.88916
1.39087
1.85683
1.99655
1.57467
1.46407
1.52879
1.65009
1.59705
1.76966
1.6287
1.38802
2.10554
1.64262
1.38597
1.95789
1.74893
1.90672
2.00816
1.98017
2.09135
1.7526
1.77125
1.67277
1.97696
1.68703
1.33322
1.73149
1.63013
1.78926
1.81093
1.67487
1.75484
1.53123
1.86367
1.75119
1.67655
1.71233
1.56533
1.51462
1.55721
1.69012
1.40266
1.74199
1.49821
1.89925
1.73132
1.63853
2.02811
2.01056
1.52047
1.68688
1.56135
1.65362
1.56774
1.82873
1.5409
1.71712
1.72981
1.67906
1.41682
1.63142
1.63742
1.19086
1.66222
1.56589
1.99429
1.35367
1.72822
1.86081
2.24387
1.43623
1.45756
1.57393
1.52055
1.35298
2.25239
1.57334
1.45544
1.66267
1.48056
1.3953
1.36489
1.86253
2.06639
1.93679
1.63906
1.82476
2.0306
1.72454
1.61138
1.57025
1.52844
2.02967
1.58025
1.77428
1.90952
1.68836
1.60553
1.50275
1.73662
1.33409
1.64232
1.77956
1.50527
1.61241
2.1688
1.48179
2.03518
1.5574
1.91255
1.36248
2.23597
1.7113
1.73195
1.51715
1.95483
2.09601
1.60621
1.40801
1.79441
2.38564
1.74078
1.77169
1.68297
2.26482
1.95368
1.23921
1.57602
1.73614
1.45348
1.80694
2.0225
1.41713
1.60745
2.12627
1.98952
1.52369
1.62724
1.37915
1.82621
2.11291
1.34437
1.97457
1.57178
1.65559
1.99811
1.9353
1.86376
1.60048
1.56341
1.50944
1.69242
1.67595
2.02408
1.94634
1.51143
1.89483
1.74224
1.46922
1.40846
1.73239
1.39809
1.60364
1.59366
1.37904
1.645
1.55651
1.57806
1.75346
1.24702
1.79271
1.83943
1.79898
1.53668
1.45048
1.61896
1.51188
1.90272
1.40514
1.72069
1.43661
1.96582
2.17649
1.45985
1.71881
2.24328
1.88534
1.41748
1.44988
1.86996
1.67179
1.80697
1.69979
1.70123
1.86208
1.56355
1.77046
1.74058
1.41561
1.95962
1.69485
1.5863
1.49388
1.28589
1.88272
1.44911
1.63606
1.78192
1.49124
1.48757
1.79921
1.49818
1.59275
1.56332
1.86106
1.87384
1.49041
1.60395
1.61228
1.44457
1.67197
1.90033
1.75412
2.23513
1.84558
1.8724
1.68173
1.88931
1.6072
1.78317
1.46206
1.44789
1.75799
1.77407
1.57103
1.64036
1.59883
1.59324
1.78937
1.78775
1.82399
1.72681
1.76253
1.71287
1.55733
1.51723
1.74996
1.555
1.55202
1.58215
1.52413
1.58487
1.62967
1.99588
1.59471
2.2285
1.6053
1.6329
1.32938
1.68653
1.86676
1.65412
1.66928
1.73494
1.2817
1.95632
2.01847
1.76798
1.66444
1.64005
1.68909
1.92074
1.51264
1.57655
1.35984
1.7278
1.65569
1.70409
1.55378
1.77356
1.7287
1.76742
1.89564
1.99491
1.86268
1.73172
1.72619
1.77692
1.28413
1.46718
1.89335
1.71058
1.46335
1.3542
1.70681
1.53003
1.7193
1.71221
1.428
2.14973
1.53601
1.36413
1.70369
1.6237
1.63157
1.86794
1.52715
1.58819
1.44188
2.05408
1.97552
1.66549
1.61364
1.71265
1.55361
1.95444
1.4803
1.88993
1.94042
2.07283
1.48081
2.11875
1.88827
1.73999
1.6681
1.16029
2.11511
1.65066
1.68829
1.61414
1.74513
1.99702
1.83349
1.66231
2.03167
1.46979
2.02282
1.87302
1.43632
1.63632
1.41887
1.63033
2.00609
1.6422
1.86442
1.67869
1.79175
1.5214
1.93518
1.64717
1.69785
2.11532
1.76241
1.70385
1.80557
1.67977
1.70175
1.55805
1.69158
1.50001
1.89173
1.37323
2.13585
1.54504
1.577
1.68646
1.54141
2.04374
1.70181
1.84755
1.24582
1.56195
1.41717
2.42668
1.54452
1.65062
1.71537
1.93642
1.48739
1.34128
1.76906
1.75292
1.74011
1.71522
1.70505
1.83278
2.00778
1.32826
1.46464
1.69292
1.49626
1.7406
2.00805
1.80365
1.48725
1.64943
2.18701
1.3299
1.79919
1.60571
1.60666
1.35002
1.80001
1.4715
1.70978
2.43302
1.67045
1.43963
1.74058
1.38574
1.62684
1.58894
1.75989
1.50267
1.70968
1.64959
1.51811
1.78685
1.62324
1.59789
1.53857
1.66896
1.48842
1.71139
1.74774
2.11022
1.77902
1.58466
1.72793
1.80253
1.43824
1.29962
1.68393
2.0287
1.21273
1.91805
1.85957
1.4798
1.57392
1.76577
1.59348
1.94084
1.71442
1.54554
1.30075
1.71555
2.05857
1.30192
2.01832
2.00644
2.27331
1.64149
1.74235
2.76478
1.76251
1.70636
1.97312
1.31203
2.07896
1.90279
1.76311
1.41622
1.67302
1.71331
1.6575
1.7371
1.75017
1.86229
1.48172
1.67551
1.78702
1.90248
1.75535
1.79248
1.5669
1.54085
1.88098
2.21272
2.18131
1.72665
1.50861
1.19893
1.78921
1.51437
2.11012
1.65292
1.82735
1.3622
1.93547
1.58619
1.78472
1.50333
1.44133
1.91011
1.65963
1.92734
1.50599
1.61034
2.00414
1.52443
1.29944
2.10334
1.49241
1.71627
1.81975
1.65663
1.69414
1.96341
1.61704
1.70903
1.66619
1.7668
1.84363
1.71594
1.7137
1.97597
1.94396
1.96502
1.5047
1.62426
1.47093
1.5622
1.2978
1.78218
1.69602
1.777
1.54552
1.47513
2.05363
1.384
1.85902
1.44215
1.33802
2.03665
1.33086
1.47594
1.72564
1.33603
2.00075
1.85586
1.8952
1.95314
1.94682
1.84415
1.38223
1.64986
1.76669
2.04338
2.02281
1.69484
1.51609
2.04139
1.40095
1.56946
1.75079
1.78634
1.55188
1.42606
1.7791
1.85843
1.56459
1.60318
1.56355
1.53644
1.78521
1.78449
1.71003
1.69759
1.53242
1.63436
1.51114
1.9532
1.80563
1.90339
1.6122
1.38438
1.45054
1.46831
1.96334
1.84628
1.96223
1.59899
1.57943
1.73519
1.37534
1.71265
1.46619
1.51362
1.55599
1.64053
1.65869
1.89193
1.44847
1.53512
1.78535
1.75921
1.61952
1.51973
1.64314
1.96402
1.21683
1.83243
1.51629
1.39826
1.65428
1.68228
1.32882
2.01684
1.95825
1.59518
1.79947
1.69686
1.42207
1.48726
1.60613
1.37491
1.8288
1.93094
1.57574
1.41781
1.43054
1.62353
1.65979
1.45041
1.65994
1.90713
1.58486
1.52262
1.41234
1.71673
2.04038
1.50626
1.70076
1.64189
1.63574
1.38171
1.85143
1.53173
1.23461
1.31966
1.87315
1.55186
1.87683
1.51058
1.69656
1.78959
1.81278
1.67348
1.43382
1.87029
1.69329
2.02876
1.59061
1.65544
1.34314
1.96797
1.64574
1.60034
1.67257
1.96856
1.60834
1.64748
1.75313
1.85364
1.94304
1.3936
1.83577
1.65309
1.71812
1.5716
1.62744
1.42398
1.61267
1.57511
1.77411
1.73472
1.67746
2.00109
1.17104
1.44676
1.58056
1.6668
1.68372
1.43207
1.72371
1.86488
1.56882
1.7168
1.77222
1.61607
1.60069
1.50625
1.61929
1.48349
1.67015
1.10093
1.67154
1.32616
1.79183
1.75236
1.70983
1.46721
1.61656
1.78545
1.41411
1.60829
1.48953
1.57754
1.78941
1.46833
1.72279
1.64611
1.70584
1.74081
1.56705
1.30686
1.71809
1.74981
1.73596
2.03017
1.30568
1.49929
1.86853
1.39021
1.66453
1.64758
1.38979
1.46726
1.52837
1.59278
1.69938
1.73136
1.71844
1.60345
1.28227
1.54519
1.59057
1.71824
1.749
1.63467
1.75357
1.83485
1.52702
1.66844
1.76069
1.58669
1.86156
1.60795
1.5308
1.7575
1.69622
1.40857
1.55944
1.63586
1.79766
1.39701
1.70185
1.79641
1.92039
1.812
1.7182
1.51775
1.34926
1.2469
1.96312
1.65922
1.53624
1.42712
1.56699
2.07608
1.73537
1.65174
1.58525
1.76066
1.74163
1.59514
1.82901
1.76952
1.84305
1.9605
1.69057
1.73319
1.39342
1.95302
1.40713
1.84316
1.85522
1.34131
1.70711
1.68281
1.7722
1.60022
1.8512
1.49828
1.74161
1.84187
1.67173
1.41873
1.37414
1.33123
2.16335
1.67218
1.50382
1.54023
1.67797
1.71381
1.55224
1.48113
1.49723
1.60983
1.60394
1.44354
1.4452
1.5267
1.85302
1.7108
1.45991
1.548
1.68488
1.60193
1.76331
1.55861
2.15592
1.82988
2.04698
1.28674
1.43532
1.55724
1.74362
1.39355
1.81101
1.80456
1.42937
1.29183
1.75528
1.63334
1.56663
1.53643
1.66708
1.84073
1.64265
2.10663
1.36118
1.39745
1.65472
1.36068
1.41044
1.6292
1.60288
1.59169
1.62441
1.61159
1.71548
1.78827
1.22771
1.93343
1.6849
1.87087
1.46364
1.44492
1.31695
1.40665
1.53237
2.06425
1.83619
1.85016
1.51631
1.73496
1.31893
1.61964
1.56706
1.6136
1.64763
1.30278
1.86392
1.81791
1.45295
1.4079
1.40628
1.45379
1.69358
1.31379
2.08091
1.37466
1.66486
1.70733
1.58036
1.70356
1.79682
1.5711
1.66671
1.19785
1.59969
1.82008
1.51586
1.76117
1.63364
1.4491
1.53154
1.42798
2.12564
1.52876
1.35974
1.52351
2.16351
1.64762
1.6119
1.50156
1.9236
1.46363
1.9085
1.29959
1.25376
1.62139
1.79561
1.75138
1.8288
1.6551
1.68964
1.67304
1.64098
1.45669
1.43217
1.58065
1.75263
1.7352
1.58014
1.87031
1.22758
1.72979
1.82325
1.65056
1.40059
1.56886
2.00572
1.44314
1.39729
1.49109
1.68763
1.64838
1.67844
1.5567
1.81929
1.58217
1.78758
1.80695
1.62113
1.4244
1.56099
1.48668
1.50608
1.42715
1.30931
1.79808
1.55909
1.47422
1.69448
1.46393
1.53703
1.86231
1.62512
1.52047
1.44134
1.60739
1.71168
1.92961
1.64727
1.49778
1.65283
1.40658
1.36144
1.81741
1.69006
1.35949
1.38701
1.76038
1.59063
1.60092
1.46381
1.33935
1.29858
1.51721
1.64579
1.77944
1.55819
1.45188
1.40328
1.85326
1.52635
1.6095
1.80191
1.66544
1.51739
1.36479
1.67691
1.58764
1.41122
1.40571
1.47089
1.39467
1.43967
1.40409
1.55601
1.5346
1.58703
1.76336
1.56668
1.68707
1.44731
1.32562
1.55456
1.53041
1.67488
1.41891
1.49364
1.54105
1.47321
1.5485
1.38642
1.62722
1.77665
1.49529
1.4884
1.51593
1.41868
1.40192
1.76281
1.58367
1.61194
1.44908
1.31982
1.67032
1.43707
1.50935
1.82364
1.69548
1.82633
1.44208
1.71699
1.84192
1.8432
1.43578
1.32955
1.50801
1.52615
1.38132
1.1959
1.49152
1.94628
1.6222
1.73554
1.36172
1.64863
1.52892
1.62048
1.49084
1.36365
1.61355
1.3394
1.7199
1.34687
1.75628
1.68292
1.45319
1.38575
1.41932
1.51353
1.46378
1.52097
1.55998
2.07062
1.19731
1.58624
1.60926
1.34814
1.38375
1.50782
1.74852
1.78063
1.32958
1.56646
1.58996
1.55244
1.53344
1.68781
1.5683
1.58373
1.60018
1.56933
1.77639
1.49971
1.50964
1.51599
1.74085
1.57745
1.60785
1.40058
1.52579
1.39178
1.63876
1.52134
1.36903
1.43341
1.42696
1.53728
1.53791
1.51629
1.31701
1.60863
1.34777
1.46451
1.72258
1.81191
1.41016
1.36892
1.38365
1.59196
1.47631
1.39146
1.48788
1.51156
1.75501
1.64909
1.45552
1.39637
1.58551
1.5457
1.69081
1.18764
2.20359
1.49696
1.76798
1.63897
1.53557
1.4328
1.48162
1.68785
1.61289
1.65171
1.58141
1.50374
1.3706
1.68798
1.95513
1.55163
1.54445
1.53867
1.49462
1.59205
1.40166
1.47021
1.56911
1.5451
1.70018
1.66624
1.55819
1.38457
1.4478
1.51923
1.60698
1.54619
1.53846
1.43941
1.42976
1.44756
1.51394
1.54635
1.57966
1.71592
1.47644
1.42128
1.36829
1.48742
1.53326
1.57319
1.1831
1.44842
1.60678
1.72128
1.57162
1.60618
1.40822
1.50449
1.74369
1.48851
1.73239
1.25494
1.39856
1.52695
1.75237
1.54497
1.59461
1.59153
1.55284
1.64578
1.41485
1.45803
1.65929
1.44516
1.70723
1.54106
1.64575
1.68041
1.60744
1.38033
1.81842
1.6203
1.6685
1.50674
1.43671
1.31473
1.62046
1.51478
1.35164
1.46168
1.75059
1.71535
1.61163
1.76325
1.77579
1.73343
1.69133
1.49225
1.37824
1.34693
1.51198
1.4221
1.55145
1.48462
1.29711
1.57031
1.49967
1.61636
1.44998
1.44275
1.72
1.29454
1.63426
1.58627
1.40768
1.49629
1.62812
1.61208
1.37581
1.49277
1.67148
1.51028
1.62788
1.51452
1.23776
1.62172
1.4119
1.33975
1.5011
1.39723
1.50718
1.75544
1.5367
1.54627
1.46059
1.4225
1.38236
1.36491
1.62868
1.7949
1.41126
1.46804
1.54844
1.6337
1.3166
1.46007
1.42593
1.61123
1.46351
1.26347
1.81849
1.33959
1.52158
1.68902
1.45956
1.36857
1.60997
1.5984
1.38852
1.56267
1.35382
1.43483
1.38328
1.39051
1.32355
1.26499
1.75998
1.40319
1.44489
1.90846
1.3956
1.44334
1.61142
1.34803
1.39832
1.47197
1.30813
1.51767
1.64089
1.49524
1.31412
1.77511
1.41861
1.80908
1.52167
1.68162
1.40141
1.47676
1.65555
1.19534
1.59536
1.6647
1.33248
1.83872
1.69965
1.56686
1.36482
1.49828
1.64508
1.37739
1.7914
1.46053
1.59754
1.84071
1.20066
1.82531
1.39418
1.36212
1.54339
1.24164
1.5004
1.52869
1.32867
1.48001
1.53991
1.9591
1.42279
1.37169
1.61525
1.61422
1.43073
1.53774
1.82631
1.50567
1.53909
1.5454
1.44179
1.46284
1.45229
1.45033
1.30645
1.41105
1.41922
1.36762
1.35538
1.47516
1.56422
1.49595
1.53013
1.52256
1.27359
1.29804
1.473
1.68911
1.55677
1.52536
1.72038
1.61687
1.41875
1.38699
1.34291
1.78566
1.48814
1.46691
1.19511
1.40879
1.52981
1.3703
1.46843
1.49523
1.48838
1.41771
1.27079
1.32988
1.60815
1.46419
1.478
1.47534
1.2909
1.46218
1.36837
1.56393
1.43422
1.3437
1.47966
1.37443
1.58072
1.51094
1.57225
1.5359
1.50213
1.48356
1.70157
1.53083
1.7629
1.71839
1.48071
1.58697
1.85589
1.57355
1.54788
1.48077
1.52688
1.20844
1.29439
1.61827
1.72506
1.22308
1.55956
1.41639
1.55997
1.82668
1.43892
1.45622
1.52609
1.51434
1.63064
1.30524
1.46045
1.73848
1.37565
1.6421
1.57894
1.53599
1.57502
1.74617
1.23474
1.53875
1.49496
1.57583
1.56519
1.59905
1.50877
1.55235
1.15638
1.53827
1.59652
1.93761
1.49221
1.79878
1.59438
1.09542
1.44004
1.48242
1.40025
1.44627
1.70153
1.36136
1.4092
1.52565
1.52765
1.36736
1.48526
1.53704
1.52197
1.43463
1.46834
1.40243
1.38889
1.53227
1.46608
1.58112
1.55777
1.53168
1.54786
1.48134
1.63916
1.56301
1.46442
1.53576
1.5392
1.36417
1.39673
1.44168
1.63602
1.59163
1.26656
1.41042
1.38804
1.42936
1.70464
1.41555
1.53012
1.61733
1.57372
1.54861
1.29189
1.44121
1.5544
1.34345
1.36365
1.92162
1.43572
1.90816
1.55649
1.55275
1.46215
1.61689
1.61079
1.82368
1.37637
1.36419
1.37545
1.46326
1.42526
1.50735
1.67159
1.55412
1.51044
1.21977
1.44896
1.43059
1.46704
1.67063
1.56557
1.41094
1.71069
1.51333
1.45671
1.25954
1.48145
1.56951
1.53683
1.49883
1.77223
1.33891
1.31929
1.39704
1.49451
1.56893
1.76908
1.52393
1.7948
1.41241
1.79164
1.29141
1.50278
1.29353
1.25976
1.47861
1.46075
1.63503
1.62463
1.23678
1.31323
1.46421
1.59244
1.93535
1.51406
1.42144
1.76382
1.71606
1.39142
1.37516
1.52822
1.48908
1.37323
1.73719
1.64325
1.56301
1.58251
1.7296
1.53269
1.36084
1.47744
1.45765
1.54158
1.24028
1.54374
1.389
1.34358
1.30478
1.52761
1.65414
1.65899
1.66271
1.56634
1.50211
1.8455
1.62755
1.59427
1.62748
1.25213
1.75289
1.33226
1.65226
1.6657
1.32396
1.50685
1.55585
1.58132
1.69559
1.44573
1.74143
1.48667
1.71385
1.84078
1.64537
1.6176
1.39923
1.46072
1.49791
1.63975
1.55855
1.45302
1.48041
1.47982
1.84867
1.246
1.65018
1.71139
1.59278
1.53151
1.67917
1.4973
1.53974
1.53751
1.40115
1.67922
1.62097
1.41268
1.3345
1.50073
1.53782
1.79561
1.71577
1.49438
1.32183
1.59403
1.62211
1.47567
1.39184
1.4343
1.42721
1.83904
1.51323
1.51165
1.30204
1.36375
1.60359
1.60688
1.45513
1.70376
1.57316
1.31022
1.37968
1.63528
1.97567
1.59955
1.63345
1.69329
1.31935
1.59143
1.44152
1.65404
1.59463
1.69131
1.5713
1.43548
1.89252
1.47937
1.71671
1.84274
1.46965
1.53413
1.46343
1.61143
1.40573
1.4181
1.49179
1.52649
1.47018
1.68525
1.40631
1.24626
1.60831
1.52292
1.22307
1.52179
1.35628
1.58577
1.33409
1.48517
1.72233
1.36514
1.34871
1.67477
1.51737
1.48659
1.62136
1.44036
1.64546
1.48738
1.35154
1.87152
1.38214
1.57988
1.46253
1.32017
1.36516
1.46478
1.68339
1.6603
1.54219
1.67309
1.29602
1.52269
1.93238
1.65917
1.55435
1.82904
1.42277
1.38707
1.31623
1.49351
1.25236
1.46509
1.47148
1.4028
1.5323
1.33445
1.23885
1.48852
1.70516
1.42573
1.32243
1.58182
1.58182
1.71255
1.84128
1.32368
1.63639
1.54252
1.70141
1.65031
1.75042
1.56024
1.26674
1.32764
1.60087
1.57298
1.45503
1.43605
1.41167
1.70595
1.82119
1.62657
1.46277
1.66931
1.5107
1.47968
1.60356
1.42104
1.48852
1.37665
1.42454
1.60133
1.64579
1.45276
1.52259
1.47847
1.67555
1.51077
1.67214
1.63854
1.55156
1.45884
1.3305
1.48307
1.47081
1.51555
1.53379
1.64995
1.45265
1.49375
1.37804
1.70596
1.51567
1.38394
1.70836
1.47653
1.80542
1.58149
1.5004
1.47363
1.53003
1.51835
1.71181
1.3382
1.48632
1.40596
1.4481
1.41847
1.83398
1.68458
1.69455
1.64439
1.49868
1.32838
1.58554
1.46534
1.68364
1.38027
1.55103
1.49807
1.63085
1.40237
1.67095
1.58504
1.63186
1.37764
1.5302
1.40217
1.40549
1.68722
1.42082
1.4034
1.2466
1.31864
1.63033
1.70051
1.38528
1.23762
1.42605
1.62832
1.23014
1.48404
1.45623
1.40147
1.61736
1.61929
1.60553
1.32484
1.55596
1.69648
1.43479
1.37102
1.51973
1.42974
1.46208
1.47273
1.24379
1.34749
1.5987
1.5645
1.47946
1.43417
1.55208
1.58082
1.2858
1.4843
1.41604
1.34776
1.55392
1.59564
1.39185
1.34399
1.45174
1.43518
1.39208
1.61184
1.78835
1.38182
1.459
1.43029
1.5425
1.40026
1.33327
1.6788
1.58736
1.46467
1.55093
1.3052
1.46329
1.58901
1.51032
1.77304
1.26987
1.55806
1.57369
1.59508
1.53937
1.52217
1.52691
1.32767
1.85358
1.38887
1.50492
1.47153
1.48836
1.46796
1.18543
1.72586
1.53734
1.50124
1.42552
1.59164
1.5025
1.46226
1.77922
1.63082
1.50546
1.36059
1.71659
1.60103
1.39824
1.58766
1.67831
1.47709
1.46548
1.49334
1.38721
1.56267
1.5818
1.21476
1.6755
1.35221
1.55389
2.01585
1.45067
1.51038
1.41767
1.18812
1.52127
1.31709
1.62475
1.52897
1.31122
1.58569
1.37266
1.72819
1.36853
1.16348
1.66645
1.49283
1.33218
1.43198
1.58919
1.55512
1.54699
1.43112
1.48852
1.40169
1.56601
1.3762
1.29822
1.42529
1.45132
1.51827
1.56854
1.31782
1.68471
1.37902
1.57018
1.52631
1.72556
1.46305
1.6722
1.45814
1.47217
1.61904
1.52161
1.62757
1.67156
1.61251
1.31211
1.42132
1.51533
1.75035
1.59141
1.56218
1.49449
1.5521
1.43964
1.5907
1.38172
1.54977
1.49784
1.52773
1.5491
1.39992
1.51795
1.50637
1.37043
1.35721
1.5319
1.57501
1.77706
1.58527
1.62372
1.47593
1.45154
1.32856
1.44538
1.32581
1.64805
1.76833
1.20584
1.42987
1.52911
1.3604
1.18388
1.57434
1.57415
1.33819
1.32798
1.44375
1.64273
1.54721
1.42528
1.2282
1.42025
1.29079
1.37242
1.96617
1.45466
1.59031
1.34068
1.61412
1.48424
1.57113
1.38654
1.4633
1.49746
1.59871
1.53219
1.66267
1.69783
1.42932
1.57494
1.43414
1.41351
1.50751
1.50203
1.58158
1.37449
1.29602
1.26079
1.23037
1.28041
1.55749
1.74824
1.6201
1.31007
1.50778
1.542
1.5478
1.52568
1.37464
1.50628
1.34217
1.54072
1.40004
1.57644
1.56895
1.38109
1.53677
1.5318
1.48918
1.5192
1.55024
1.55
1.62349
1.47475
1.41942
1.40799
1.47643
1.55296
1.29581
1.51918
1.26645
1.33815
1.39171
1.722
1.32543
1.45491
1.56572
1.44284
1.23732
1.80697
1.60262
1.64637
1.51147
2.00025
1.67892
1.5669
1.40775
1.64365
1.46451
1.43368
1.30647
1.36138
1.37588
1.50582
1.40087
1.21775
1.60895
1.50747
1.44887
1.38846
1.44133
1.2326
1.37494
1.15466
1.58303
1.32163
1.59953
1.27552
1.48311
1.34125
1.36652
1.36214
1.61162
1.37571
1.49567
1.54969
1.61016
1.7125
1.38585
1.48046
1.61413
1.38075
1.22434
1.24903
1.52023
1.41715
1.59489
1.48414
1.4504
1.45606
1.38042
1.60277
1.60848
1.52228
1.24964
1.51366
1.67496
1.12846
1.56451
1.70658
1.38011
1.40813
1.37686
1.5822
1.48643
1.39851
1.71383
1.42474
1.3827
1.43165
1.54427
1.36939
1.5732
1.746
1.73502
1.54801
1.47776
1.423
1.52648
1.50428
1.90217
1.68918
1.27826
1.34649
1.58606
1.46898
1.63789
1.48006
1.2988
1.46903
1.54362
1.53935
1.69091
1.63292
1.61455
1.43961
1.43222
1.28618
1.48406
1.57986
1.5398
1.22097
1.58559
1.39941
1.48901
1.52191
1.50854
1.37049
1.59038
1.57692
1.31308
1.57431
1.56856
1.39337
1.43409
1.31167
1.55248
1.56287
1.56069
1.36315
1.44942
1.34206
1.41465
1.40338
1.39627
1.51808
1.57256
1.44022
1.30654
1.57774
1.5026
1.39162
1.295
1.35535
1.45655
1.44745
1.68755
1.75852
1.40505
1.4499
1.55828
1.40629
1.49905
1.53516
1.47931
1.4304
1.4031
1.60229
1.59933
1.4021
1.65008
1.37622
1.4408
1.3431
1.47727
1.91647
1.5544
1.47883
1.51262
1.35664
1.81663
1.30924
1.56097
1.52521
1.27503
1.55374
1.30749
1.46276
1.29493
1.66052
1.60483
1.43627
1.5975
1.3643
1.44898
1.59563
1.46441
1.41979
1.63511
1.39403
1.39308
1.18956
1.62745
1.59603
1.23701
1.51451
1.49201
1.44797
1.4744
1.66095
1.33067
1.57729
1.59799
1.59898
1.30977
1.20978
1.51898
1.36032
1.73863
1.81406
1.54701
1.65611
1.34756
1.32309
1.36627
1.39761
1.6895
1.68578
1.55243
1.40916
1.49346
1.46011
1.50502
1.52872
1.46726
1.60207
1.29771
1.65669
1.51654
1.63376
1.5484
1.27239
1.50724
1.54103
1.48518
1.33775
1.57034
1.59865
1.50282
1.74579
1.41559
1.76566
1.39458
1.51855
1.68076
1.48015
1.61449
1.56662
1.38247
1.48204
1.81928
1.54246
1.38188
1.42213
1.50973
1.70036
1.55233
1.20147
1.4065
1.48071
1.3311
1.58305
1.44384
1.60524
1.59408
1.58933
1.61451
1.54412
1.45399
1.37663
1.48745
1.49078
1.37911
1.56244
1.35277
1.63939
1.48433
1.87038
1.66251
1.54322
1.40343
1.35499
1.56457
1.39979
1.49768
1.35433
1.46646
1.40215
1.42368
1.38408
1.43864
1.42778
1.55813
1.46788
1.31931
1.5327
1.64153
1.42932
1.40255
1.41946
1.33732
1.51747
1.19229
1.67135
1.34131
1.50654
1.60227
1.73217
1.60715
1.64608
1.32551
1.27249
1.6544
1.4299
1.45631
1.41101
1.43426
1.19862
1.57399
1.74947
1.48783
1.64967
1.61362
1.54108
1.62537
1.6149
1.48957
1.69392
1.48763
1.7041
1.53333
1.33653
1.41852
1.63278
1.41021
1.68279
1.40612
1.5555
1.47481
1.41415
1.25719
1.65181
1.55237
1.55805
1.29092
1.64372
1.75283
1.52368
1.46317
1.36525
1.4062
1.55859
1.39225
1.39474
1.48783
1.45388
1.39929
1.2979
1.41218
1.55568
1.65255
1.58698
1.54707
1.87853
1.57421
1.4699
1.39588
1.78768
1.51405
1.4847
1.44279
1.42085
1.6142
1.55164
1.56618
1.60816
1.30669
1.57087
1.68223
1.34835
1.42609
1.3258
1.5489
1.38607
1.4736
1.54901
1.68705
1.22541
1.42391
1.4818
1.25318
1.43895
1.39221
1.70495
1.2075
1.52985
1.29099
1.45149
1.27009
1.36997
1.62616
1.40046
1.4399
1.45298
1.72084
1.65148
1.53983
1.49915
1.65625
1.62871
1.56856
1.21956
1.13429
1.32922
1.46241
1.53798
1.36886
1.62609
1.44751
1.43555
1.52998
1.47934
1.6767
1.66286
1.40557
1.35308
1.5792
1.44681
1.51882
1.60913
1.36791
1.46615
1.69715
1.51114
1.81658
1.56154
1.62703
1.43709
1.39469
1.53204
1.40523
1.30834
1.42341
1.43914
1.51664
1.36849
1.53125
1.5185
1.33876
1.57172
1.58361
1.41421
1.48514
1.4445
1.40339
1.31707
1.55331
1.26794
1.50947
1.26763
1.50852
1.35217
1.49432
1.7478
1.47303
1.52922
1.31612
1.83809
1.50102
1.30556
1.43248
1.17249
1.46473
1.54602
1.45445
1.65096
1.38796
1.40697
1.40676
1.32471
1.34117
1.5625
1.43254
1.47093
1.27363
1.63412
1.63847
1.43437
1.5577
1.38878
1.53096
1.59463
1.438
1.43543
1.5407
1.77775
1.14855
1.6855
1.36821
1.44174
1.64558
1.50053
1.61191
1.38213
1.51905
1.79084
1.34547
1.54212
1.4557
1.30725
1.56373
1.5219
1.55051
1.22836
1.50423
1.46987
1.58761
1.33316
1.46819
1.39856
1.45652
1.86868
1.41323
1.5969
1.49728
1.49111
1.53372
1.23851
1.55363
1.43466
1.45741
1.54227
1.48246
1.33194
1.72409
1.62408
1.42027
1.45682
1.30581
1.52174
1.36683
1.30063
1.62463
1.23778
1.55599
1.26982
1.3999
1.71094
1.58022
1.43192
1.39673
1.63282
1.48276
1.24576
1.44087
1.56153
1.61982
1.30808
1.49568
1.44072
1.40365
1.45806
1.39481
1.61805
1.26205
1.39972
1.60117
1.35743
1.77341
1.55891
1.39993
1.5476
1.53871
1.46242
1.53255
1.47485
1.65954
1.48582
1.32332
1.69623
1.48542
1.45961
1.41853
1.46342
1.51796
1.28129
1.52358
1.48008
1.4702
1.55507
1.61285
1.55309
1.41379
1.30691
1.28899
1.9113
1.33533
1.59155
1.54083
1.38648
1.63038
1.87296
1.39184
1.47631
1.36933
1.57116
1.57585
1.47839
1.5402
1.8243
1.64323
1.54608
1.7083
1.30169
1.34954
1.57151
1.40591
1.36705
1.44005
1.39307
1.34616
1.38324
1.60652
1.42164
1.30463
1.44304
1.49798
1.5647
1.54098
1.58411
1.66839
1.44043
1.66352
1.52582
1.35048
1.5135
1.47961
1.50553
1.57024
1.55596
1.44868
1.34529
1.57343
1.48967
1.47437
1.38975
1.51545
1.35411
1.58479
1.63707
1.48252
1.3982
1.56698
1.63061
1.20426
1.41598
1.44623
1.43312
1.41173
1.63559
1.38492
1.34629
1.38005
1.64154
1.29298
1.59445
1.34865
1.32295
1.28325
1.532
1.59905
1.45006
1.26545
1.40637
1.48195
1.3604
1.41371
1.39782
1.53723
1.49805
1.49401
1.49209
1.51197
1.75547
1.62091
1.60154
1.27428
1.2764
1.42764
1.45726
1.46035
1.2262
1.48223
1.65983
1.46511
1.35161
1.42241
1.44637
1.31005
1.33234
1.47321
1.50748
1.76581
1.39869
1.47304
1.52455
1.5267
1.24774
1.43379
1.4022
1.48047
1.40138
1.31418
1.21851
1.60267
1.14143
1.53978
1.5665
1.34856
1.54343
1.5372
1.39917
1.2114
1.29484
1.62177
1.38615
1.4726
1.29824
1.40535
1.17424
1.4169
1.53602
1.32726
1.4164
1.38319
1.42753
1.45791
1.37181
1.45905
1.26883
1.38541
1.27569
1.33653
1.58812
1.49376
1.50439
1.44699
1.22384
1.22154
1.40833
1.40881
1.25676
1.56044
1.40472
1.46569
1.56007
1.43874
1.20167
1.5221
1.36872
1.4782
1.5278
1.57109
1.37975
1.35365
1.43841
1.42774
1.55987
1.47477
1.38186
1.58242
1.5284
1.31241
1.514
1.59685
1.55055
1.48242
1.54088
1.30617
1.46754
1.52669
1.33313
1.36159
1.37054
1.56236
1.24698
1.62445
1.58592
1.52854
1.53227
1.19193
1.53309
1.29485
1.40231
1.53269
1.56592
1.42475
1.52018
1.54605
1.51336
1.51239
1.35627
1.67669
1.42337
1.29841
1.26199
1.53195
1.49431
1.54617
1.32408
1.39466
1.52516
1.33391
1.52975
1.30316
1.29093
1.45416
1.31308
1.48724
1.34724
1.4587
1.51676
1.61306
1.52743
1.48531
1.71222
1.46716
1.5037
1.64314
1.60216
1.40435
1.53731
1.4361
1.28943
1.2959
1.42752
1.3165
1.47689
1.44986
1.49168
1.35882
1.58527
1.4301
1.57337
1.54659
1.61238
1.45881
1.37724
1.3844
1.61716
1.509
1.36805
1.50309
1.41639
1.67588
1.36945
1.26706
1.44527
1.48135
1.20686
1.58794
1.22704
1.42827
1.36776
1.53211
1.73232
1.32846
1.58203
1.51822
1.73939
1.29169
1.68503
1.49024
1.43362
1.55166
1.56817
1.44149
1.53251
1.49966
1.4537
1.42361
1.81858
1.35918
1.51043
1.27715
1.54134
1.6804
1.2817
1.34287
1.49109
1.44265
1.4032
1.38032
1.46616
1.36691
1.79769
1.39488
1.54803
1.66419
1.29296
1.76075
1.61159
1.46127
1.48792
1.50055
1.51125
1.52679
1.3636
1.3849
1.55035
1.41497
1.57414
1.72787
1.49099
1.40787
1.56851
1.44028
1.50684
1.46645
1.56787
1.42103
1.40272
1.52837
1.59163
1.405
1.43659
1.52461
1.45319
1.42612
1.3621
1.40677
1.56927
1.67443
1.76569
1.26412
1.37728
1.74466
1.63345
1.34322
1.66064
1.48552
1.43442
1.3863
1.321
1.60759
1.32953
1.68439
1.59193
1.3885
1.60595
1.42322
1.66659
1.52238
1.47808
1.44822
1.45313
1.39501
1.20856
1.27809
1.38851
1.45387
1.4165
1.51899
1.42585
1.38685
1.53803
1.52169
1.61918
1.35464
1.46178
1.37047
1.3834
1.61694
1.37065
1.4601
1.50581
1.80434
1.6165
1.36843
1.38761
1.71077
1.47616
1.48473
1.33035
1.36776
1.37991
1.79696
1.58964
1.23067
1.29709
1.4064
1.30147
1.66153
1.45838
1.54926
1.34984
1.51904
1.49145
1.58982
1.58754
1.29439
1.62899
1.53171
1.75198
1.6509
1.55861
1.35243
1.35899
1.31303
1.38069
1.15871
1.63963
1.54743
1.63225
1.24998
1.54998
1.43702
1.73715
1.48441
1.38129
1.56924
1.60305
1.3961
1.53092
1.53288
1.66253
1.53839
1.53581
1.3764
1.42355
1.35194
1.52384
1.68733
1.54135
1.40452
1.76421
1.5053
1.63177
1.72487
1.18683
1.34793
1.19695
1.58894
1.48472
1.49093
1.23396
1.75424
1.43995
1.78037
1.24959
1.50517
1.54864
1.5277
1.34384
1.34635
1.36431
1.53677
1.45987
1.52688
1.48803
1.49632
1.73944
1.31195
1.3548
1.53091
1.48651
1.30776
1.32968
1.29417
1.62173
1.17135
1.57429
1.37349
1.63662
1.35525
1.3362
1.42444
1.48075
1.43636
1.61568
1.50598
1.60046
1.35088
1.46585
1.63954
1.17611
1.47111
1.44911
1.47926
1.40125
1.40835
1.24394
1.49807
1.21781
1.32321
1.29183
1.49231
1.4159
1.64151
1.52756
1.38064
1.45064
1.34995
1.50696
1.53749
1.4011
1.38642
1.36296
1.55975
1.27352
1.42485
1.66218
1.66599
1.29096
1.60848
1.40095
1.63642
1.57125
1.34763
1.6336
1.46936
1.49459
1.35073
1.56455
1.69477
1.38195
1.79606
1.5939
1.57904
1.24497
1.29569
1.36655
1.37169
1.35338
1.6465
1.58186
1.32703
1.4168
1.29456
1.42603
1.45285
1.37757
1.66542
1.44324
1.4602
1.39033
1.48731
1.24103
1.38505
1.47235
1.36885
1.54782
1.72818
1.25041
1.45987
1.31559
1.19088
