1.03136
1.01184
1.07474
1.00757
1.02084
1.07166
1.04131
1.04516
1.06249
1.06714
1.00687
1.02947
1.05299
1.12652
1.04888
1.09264
1.02886
1.07982
1.07874
1.07687
1.06693
1.09088
1.06867
1.11525
1.06006
1.09768
1.04988
1.0288
1.04405
1.06456
1.0532
1.06097
1.03044
1.07266
1.02339
1.06248
1.02697
1.02551
1.02064
1.01081
1.03547
1.06292
1.03592
1.01875
0.996994
1.08027
1.00129
1.04674
1.03027
0.992244
1.01066
1.02794
1.03097
1.06747
1.05513
1.01621
1.00169
1.03089
1.00508
1.02113
1.03156
1.03416
1.02525
1.02088
0.997566
1.01181
1.00345
1.02613
1.02996
1.0137
1.02893
0.987423
1.01269
1.0477
0.995173
0.981329
0.98559
1.02407
1.01447
1.00335
0.979706
0.996648
0.982681
0.998635
1.01586
0.999283
0.993475
1.01923
1.00955
1.04853
1.01988
0.993893
0.972429
0.98377
0.989815
1.00222
0.971153
0.989162
1.01911
0.972899
0.98855
0.981041
0.98828
0.983035
0.977587
0.975555
1.02829
1.00006
0.98348
0.996982
0.971919
0.974948
1.03544
0.998618
0.995747
0.990837
0.984476
0.957558
0.977465
0.982146
0.989579
0.945986
0.984407
0.94146
0.977265
0.99781
0.985637
0.967839
0.965329
0.974283
0.951978
0.955749
0.972143
0.976323
0.994265
0.978508
0.990348
0.975363
0.992156
0.949048
0.972313
0.960608
0.966388
0.95015
0.950672
0.96822
0.966601
1.00216
0.948285
0.973052
1.00215
0.990053
0.986925
0.985702
0.981568
0.97764
0.990245
0.965386
0.948409
0.9819
0.953847
0.972845
0.971885
0.965125
0.957284
0.947731
0.969473
0.935164
0.962966
0.92096
0.957908
0.958174
0.951174
0.976866
0.967827
0.986016
0.966509
0.948726
0.961485
0.96343
0.943964
0.966523
0.928844
0.933723
0.96179
0.924281
0.957332
0.959911
0.96256
0.94234
0.944477
0.976022
0.943874
0.93436
0.964964
0.967157
0.948334
0.97184
0.932946
0.95259
0.931608
0.956985
0.952813
0.961545
0.952381
0.941855
0.946284
0.96152
0.942386
0.939783
0.958789
0.942984
0.9527
0.95891
0.930065
0.952901
0.945887
0.939775
0.974624
0.952956
0.921427
0.947513
0.979013
0.958255
0.941421
0.992195
0.959493
0.962995
0.979037
0.971174
0.978723
0.952061
0.958882
0.947265
0.970472
0.979958
0.971474
0.955904
0.944301
0.988994
0.931601
0.981137
0.990371
0.959394
0.931854
0.994172
0.962281
1.01782
0.982018
0.983058
0.987913
0.984162
0.975819
0.966671
0.961429
0.976028
1.02843
0.980578
0.99481
0.998865
1.00487
0.962166
1.0054
0.9697
0.979168
0.952561
0.973083
0.960073
1.00292
0.976987
0.976412
0.991563
0.973177
0.965188
0.975867
0.981964
0.994907
1.01511
0.967325
1.0091
0.984274
0.98676
0.977285
0.976533
0.961914
0.963393
0.980388
0.966314
0.973916
0.969281
0.975786
0.974192
0.967093
0.97957
0.971766
0.968317
0.972114
0.952843
0.950345
0.983943
0.959948
0.977403
0.973107
0.965279
0.966257
0.971987
0.934953
0.954188
0.990858
0.962813
0.953818
0.986388
0.981612
0.968351
0.921652
0.973579
0.970732
0.954523
0.981167
0.972177
0.960451
0.958558
0.976032
0.97162
0.982521
0.990694
0.945629
0.980067
0.987343
0.934846
0.993921
0.996463
0.974727
0.987801
0.949374
0.955221
1.03024
0.959388
0.993516
0.980839
0.976266
0.991439
0.985308
0.993835
1.009
0.966493
0.981276
0.971085
0.965725
0.990957
0.981321
0.967398
0.936367
0.967974
0.987154
0.994471
0.978348
0.941358
0.972
0.973805
1.00636
0.964931
0.944473
1.0078
0.949041
0.930442
0.97073
0.962687
0.934115
0.97992
0.997191
0.942043
0.947603
0.987421
1.00604
0.967027
1.00327
0.969162
0.987077
0.949558
0.971194
1.01163
0.935617
1.00823
0.996692
0.973219
0.952307
0.993236
1.00751
0.966929
1.00532
0.94861
0.967715
0.94328
0.938858
0.990537
0.965739
0.935928
0.96899
0.945585
0.951385
0.968627
0.957105
0.95112
0.946061
0.982239
0.951579
0.922063
0.990546
0.934729
0.951227
0.943985
0.966596
0.974631
0.971327
0.921769
0.971868
0.96566
0.956701
0.982809
0.985142
0.92799
0.980681
0.93602
0.938876
0.975036
0.952224
0.95709
0.938323
0.942877
0.967321
0.919904
0.975959
1.00291
0.979327
0.967121
0.939561
0.969079
1.01129
0.969505
0.98593
0.957338
0.973396
0.956076
0.959796
0.961364
0.938511
0.944566
0.958749
1.00127
0.991099
0.965923
0.983378
0.96271
1.00024
0.930623
0.928031
0.968102
0.989769
0.9761
0.996037
0.967
0.98673
0.977284
0.992877
0.996155
1.06021
0.997608
0.994368
0.986865
0.990759
1.04057
0.976614
0.972908
1.0044
1.01841
1.01574
0.996102
0.986372
0.991888
1.00705
1.0104
1.01736
1.0051
0.985685
0.992793
1.04303
1.08467
0.983475
1.00718
0.997984
0.9738
0.99461
0.991194
0.951908
1.02476
1.00179
0.999663
1.03786
0.95771
0.987386
1.00767
0.992444
0.991319
0.986527
1.03723
0.969212
0.985475
0.950723
0.994808
0.998052
0.979166
0.960347
1.00484
0.96583
0.976516
0.997092
1.06225
0.999585
1.02429
1.01437
1.01878
0.961938
0.969352
1.01444
0.958051
0.964098
1.02285
1.03245
1.00186
0.991363
1.00632
0.978913
1.02059
1.02402
1.03554
1.0005
1.02897
1.00865
0.99309
0.974388
1.01405
1.02252
1.02979
1.01438
0.980099
0.978017
1.03148
0.992104
0.993047
1.01947
0.969006
1.00526
1.05185
0.972953
0.971975
0.993454
0.988921
0.967209
0.961737
1.04481
0.953385
0.953795
0.937995
0.974666
0.956841
0.988464
0.992571
1.00164
1.02916
0.997216
0.986571
1.01375
0.958058
0.961462
0.97317
0.956871
0.962529
0.976151
1.05601
1.00858
1.00599
0.947037
0.9871
0.958294
0.977709
1.03707
0.948059
0.996636
0.944645
0.994117
0.95573
0.974004
0.969883
0.979153
0.985281
0.951476
0.961654
0.915855
0.976138
0.998734
0.936609
0.949198
0.944703
0.90683
0.931324
0.913674
0.925356
0.879024
0.923252
0.952909
0.923946
0.917793
0.961214
0.922331
0.936142
0.931999
0.938356
0.917521
0.97042
0.934461
0.938329
0.94685
0.945701
0.925201
0.951932
0.91657
0.910635
0.989303
0.957123
0.899984
0.904539
0.904902
0.96036
0.928726
0.906442
0.966463
0.92042
0.908126
0.917065
0.928245
0.911579
0.936487
0.915286
0.904242
0.918035
0.912587
0.912802
0.919608
0.927592
0.889659
0.903952
0.949565
0.90746
0.922984
0.927468
0.942317
0.932529
0.915206
0.931589
0.916172
0.934961
0.931427
0.947225
0.918034
0.912388
0.878431
0.924158
0.909377
0.888477
0.888962
0.895263
0.890031
0.902055
0.902194
0.932146
0.911991
0.908988
0.930125
0.910473
0.921273
0.918874
0.899298
0.89866
0.885052
0.911948
0.937602
0.866022
0.931433
0.917464
0.897104
0.930568
0.898506
0.924626
0.915843
0.895142
0.853566
0.896554
0.947681
0.923257
0.913634
0.908534
0.921956
0.875856
0.898971
0.930488
0.905256
0.876849
0.916251
0.898776
0.899483
0.911172
0.902963
0.897169
0.929127
0.881671
0.87382
0.960393
0.910993
0.897126
0.896648
0.880279
0.929997
0.884229
0.922052
0.966615
0.896517
0.91212
0.915427
0.930652
0.895912
0.909852
0.888731
0.891109
0.910333
0.917351
0.890454
0.889339
0.89126
0.916059
0.911538
0.889064
0.89544
0.881055
0.939051
0.892914
0.899765
0.897233
0.874728
0.900681
0.893362
0.910621
0.91134
0.920386
0.910224
0.911097
0.884884
0.91675
0.917814
0.935637
0.895468
0.886443
0.931645
0.890027
0.924965
0.898593
0.906175
0.917169
0.882567
0.921498
0.91805
0.908504
0.923041
0.883657
0.874637
0.905546
0.849161
0.862775
0.903937
0.905347
0.913549
0.933345
0.895653
0.914756
0.900622
0.893587
0.912969
0.892246
0.939838
0.917029
0.882493
0.911283
0.90081
0.890449
0.90845
0.881123
0.882686
0.901233
0.919008
0.88996
0.920289
0.866696
0.925712
0.867548
0.877407
0.945354
0.898805
0.904718
0.864051
0.893191
0.884584
0.906629
0.92359
0.898717
0.967868
0.91468
0.903598
0.896628
0.919448
0.910972
0.917139
0.940777
0.917378
0.912395
0.893179
0.924922
0.91894
0.849547
0.914767
0.880819
0.913657
0.913981
0.964901
0.922969
0.899616
0.896689
0.957309
0.911129
0.891722
0.933519
0.926735
0.967979
0.888443
0.927379
0.885891
0.917285
0.911665
0.90982
0.926522
0.899408
0.962789
0.90494
0.942642
0.896828
0.879993
0.925067
0.941469
0.93038
0.924718
0.901434
0.949799
0.915507
0.912543
0.927034
0.912956
0.914175
0.929111
0.894422
0.89333
0.939802
0.907369
0.915161
0.930965
0.918013
0.904729
0.904257
0.939287
0.912192
0.90714
0.916942
0.902155
0.892422
0.90072
0.886422
0.904421
0.900975
0.905087
0.906689
0.940263
0.918376
0.936721
0.938621
0.928927
0.904925
0.941842
0.925271
0.918855
0.894515
0.947868
0.913018
0.924807
0.912892
0.927027
0.904919
0.951486
0.909818
0.939216
0.923604
0.940694
0.962554
0.915876
0.928952
0.903152
0.944637
0.934334
0.89077
0.910023
0.919628
0.86896
0.925519
0.901059
0.926884
0.919993
0.943046
0.903496
0.98759
0.909128
0.928803
0.955567
0.89058
0.93927
0.917118
0.968188
0.918926
0.906696
0.976104
0.894177
0.931538
0.924624
0.922177
0.953262
0.924943
0.927514
0.88915
0.890685
0.918299
0.933555
0.925615
0.959753
0.922397
0.952258
0.920754
0.939307
0.925215
0.874129
0.927781
0.890683
0.926181
0.937406
0.959305
0.950251
0.919297
0.936967
0.954571
0.93144
0.923515
0.934958
0.959724
0.956808
0.948651
0.925805
0.946105
0.91993
0.9306
0.925355
0.956088
0.927391
0.918442
0.960994
0.936914
0.904934
0.957119
0.90179
0.964982
0.945245
0.93306
0.928594
0.91847
0.936404
0.959284
0.911376
0.94393
0.904484
0.966131
0.87919
0.934206
0.941865
0.920854
0.907532
0.917484
0.914315
0.922637
0.922998
0.933211
0.934021
0.89937
0.940114
0.902688
0.903858
0.964561
0.912092
0.955696
0.934095
0.948243
0.949831
0.935934
0.924957
0.942699
0.925337
0.946492
0.919684
0.919623
0.909718
0.921515
0.938304
0.915756
0.921674
0.924691
0.907608
0.925454
0.912581
0.89749
0.934071
0.906395
0.94072
0.930412
0.930008
0.95076
0.929657
0.935072
0.934276
0.94052
0.941339
0.940649
0.934758
0.946136
0.939162
0.929392
0.953912
0.9498
0.926225
0.904841
0.914395
0.965714
0.919673
0.933277
0.938328
0.970589
0.92829
0.930385
0.952412
0.974632
0.936404
0.916571
0.928079
0.977343
0.925875
0.926995
0.971494
0.965067
0.988674
0.925327
0.931866
0.974505
0.92507
0.922859
0.932559
0.910984
0.956406
0.950438
0.937613
0.956321
0.923731
0.947132
0.945095
0.967856
0.906225
0.960466
0.955656
0.961089
0.963292
0.975983
0.947188
0.948909
0.938775
0.945636
0.996908
0.980845
1.00637
0.938761
0.962121
0.924221
0.936636
0.958384
0.947057
0.929299
0.938871
0.932781
0.927323
0.965486
0.923348
0.947147
0.958154
0.960001
0.976406
0.975358
0.98804
0.991559
0.951752
0.93573
0.946725
0.945517
0.930671
0.980133
0.946685
0.977165
0.962227
0.946871
0.961493
0.975326
0.955821
0.941665
0.962874
0.970203
0.972571
0.964055
0.956828
0.940988
0.942085
0.959845
0.954396
0.975696
0.979569
0.976813
0.996827
0.9598
0.982578
0.917198
1.00346
0.971833
0.953722
0.949589
0.937415
0.905453
0.958968
0.944073
0.96809
0.971253
0.972405
1.00293
0.957972
0.962917
0.938267
0.956293
0.963235
0.920837
0.965323
0.941364
0.937242
0.95289
0.949366
0.951434
0.927874
0.960596
0.953554
0.902759
0.970286
1.00904
0.967412
0.945649
0.958203
0.941659
1.01201
0.996569
0.920139
0.986873
0.961798
0.935352
0.972109
0.945451
0.96902
0.934175
0.932091
1.02315
0.957675
0.941351
1.02806
0.939382
0.99537
0.944914
0.924513
0.965376
0.953834
0.951035
0.950143
0.929279
0.945802
0.978916
0.973954
0.959543
1.01891
0.987342
0.951928
0.971137
0.967004
1.00067
0.970909
1.00922
0.965392
1.02537
0.950958
0.952632
0.994739
0.998715
0.937622
0.960254
0.996314
0.942191
0.976442
0.980899
0.998215
1.00316
0.974089
1.02278
0.960698
1.00084
0.96346
0.949347
0.932782
1.03339
1.00522
0.946778
0.933613
0.944181
0.990445
1.00025
0.970073
0.955427
1.00465
0.987144
0.995304
0.949674
0.982809
0.981848
0.990663
0.99581
1.01869
0.959215
0.970044
0.949479
0.994937
1.05489
0.92362
0.978116
0.990174
0.987066
0.968842
0.983721
1.04327
0.97879
0.92473
1.0061
0.950904
0.909957
0.982634
1.01807
0.985217
0.940294
0.976246
0.963876
1.00147
0.969828
0.986063
0.9404
0.944129
0.982164
1.01173
0.951858
0.941831
0.950926
0.974298
0.967693
0.932455
1.00585
0.941051
0.936974
0.981575
1.00771
0.929908
0.934914
0.99144
0.970103
0.992789
0.941975
0.980161
0.965936
0.932407
0.97911
1.01481
0.962841
1.00222
0.975064
0.981411
0.96723
0.982215
0.896767
0.964482
0.953669
0.973467
0.995595
0.95919
0.978011
0.957894
0.94302
0.928522
0.964381
1.01974
0.9439
0.993741
1.0051
0.997456
0.943034
0.958075
0.972544
1.01072
0.996157
0.993713
0.959902
0.974669
0.929884
0.959835
0.942112
0.974165
0.963278
0.965388
0.960505
0.959813
0.977064
0.911771
0.976957
0.976316
0.949376
1.0066
0.91236
0.910416
0.968101
0.910918
1.00932
0.975482
0.97464
0.948497
0.968106
0.947236
0.964582
0.977207
0.972748
0.952003
0.940867
0.952419
0.948426
0.926138
0.961794
0.961878
0.946867
0.976943
0.962232
0.964702
0.980074
0.937563
0.941657
0.965912
0.953781
0.963326
0.964394
0.950469
0.962811
0.957523
0.943907
0.929778
0.99369
0.94985
0.931697
0.91846
0.963605
0.939393
0.959425
0.911539
0.954687
0.965001
0.950412
0.943281
0.939471
0.940298
0.960223
0.910954
0.965302
0.937005
0.931767
0.948347
0.97557
0.920602
0.932165
0.962464
0.922817
0.964081
0.934031
0.92659
0.959036
0.970793
0.966843
0.965607
0.956176
0.959866
0.953162
0.913082
0.931992
0.956851
0.966887
0.932354
0.949133
0.929237
0.963209
0.954601
0.946752
0.952619
0.95565
0.946469
0.918847
0.953043
0.954199
0.938996
0.948449
0.906691
0.958472
0.946772
0.943555
0.954711
0.882382
0.940815
0.946007
0.946119
0.936774
0.95756
0.967019
0.927685
0.957425
0.940655
0.939094
0.957642
0.935372
0.949621
0.97054
0.934655
0.951027
0.93074
0.972037
0.936982
0.993646
0.934428
0.959112
0.933158
0.947029
0.958047
0.955699
0.983478
0.968931
0.934399
0.976152
0.928622
0.929957
0.934549
0.966227
0.922719
0.924964
0.928512
0.949789
0.950925
0.977454
0.955919
0.939982
0.962537
0.960688
0.954579
0.91444
0.971884
0.909335
0.966265
0.933936
0.934861
0.95156
0.966589
0.951426
0.960708
0.903775
0.945729
0.949337
0.97969
0.947906
0.975432
0.945747
0.956375
0.95896
0.928978
0.945803
0.942173
0.96417
0.957941
0.940521
0.947569
0.9037
0.967217
0.986169
0.993579
0.987517
0.970968
0.94163
0.962285
0.932217
0.970878
0.970667
0.982592
0.967452
0.977646
0.956712
0.96879
0.969977
0.959154
0.953691
0.953111
0.967921
0.96176
0.957147
0.9909
0.970565
0.99786
0.950788
0.967577
0.997348
0.946453
0.949148
0.952082
0.941584
0.940641
0.973393
0.965646
0.973141
0.973638
0.9784
0.960273
0.981788
0.987363
0.979973
0.94474
0.993639
0.967211
0.962398
0.963708
0.97327
0.967355
0.988062
0.970231
0.984296
0.957132
0.969762
0.953799
1.00182
0.967051
0.977187
0.974455
0.941304
0.96713
0.963282
0.969185
0.97411
0.97806
0.961654
0.983702
0.973211
0.932663
0.970115
0.981216
0.944436
0.950512
0.983745
0.992647
0.956134
0.966517
0.964824
1.00447
0.955191
0.960772
0.960635
0.973178
0.923476
0.968132
0.961205
0.961776
0.96787
0.937454
0.99455
0.99642
0.935404
0.962245
0.953563
1.00111
0.959541
0.906192
0.960468
0.960265
0.982383
0.975119
0.976195
0.973255
0.9924
0.947494
0.973672
0.982474
0.996169
0.991262
0.970698
0.96915
0.949108
0.956885
0.963406
0.942065
0.954486
0.964447
0.917457
0.974131
0.984871
1.00121
0.997485
0.979077
0.97083
0.981347
0.971104
0.980688
0.979259
0.956537
0.994734
0.958672
0.979181
0.966971
0.942163
0.981482
0.967141
0.996183
0.973134
1.00091
0.992279
0.976714
0.993144
0.963885
0.939514
0.960526
0.969757
0.99564
1.00327
0.963419
1.00146
0.960292
0.973731
0.995781
0.940102
0.995179
0.984197
0.930629
0.943682
0.997302
1.00378
0.977793
0.966307
0.956467
0.93658
0.97909
0.944854
0.976007
0.97542
0.986015
0.961209
0.936589
1.01161
0.974708
0.961931
0.941402
0.968312
0.980976
0.963639
0.938086
0.985627
0.953768
0.98738
0.981066
0.973035
0.974583
1.00218
0.986968
0.966424
0.935477
0.951159
0.955848
0.982086
0.970751
1.00498
0.991164
0.98308
0.98003
0.980354
1.00143
0.975992
1.01678
1.00068
0.936163
0.96434
0.967295
0.957568
1.00207
0.986448
0.965976
0.969122
0.949933
0.960962
0.975358
0.974241
0.960764
1.00395
1.00411
0.947585
0.985169
0.969122
0.976368
0.967058
0.962727
0.958266
0.979709
0.982517
0.972169
0.968872
0.983865
0.953239
0.9795
0.966449
0.993281
0.948623
0.972951
0.973533
0.955788
0.964899
0.987593
0.98732
0.987306
0.943788
0.977103
0.959344
0.990569
0.951265
1.00309
0.945484
0.99254
0.972083
0.952213
0.962878
0.994076
0.975008
0.968483
0.933307
0.972812
0.995845
0.994082
0.977316
0.978156
0.968592
0.978232
0.978003
0.970395
0.967228
0.962803
0.982638
1.01844
0.980971
0.95247
0.966778
0.95948
0.968749
0.983648
0.966087
1.01804
1.01846
1.0021
1.01338
0.999457
1.00596
0.974811
0.967562
1.00904
0.978695
0.973521
0.982583
0.995274
0.982087
0.969208
0.992545
0.998975
0.977577
0.974937
1.00635
0.957369
0.975936
0.975381
0.954186
1.00519
0.967135
0.974375
0.968415
0.990058
0.987481
0.984187
0.98987
0.978943
1.00306
0.95657
0.989114
0.973257
0.999367
0.971075
0.995864
0.989194
0.937695
0.947066
0.986069
0.968266
0.988046
0.987967
0.97527
0.976661
0.978525
0.96882
0.991495
1.02502
0.992495
1.00416
0.99331
0.995633
0.987411
0.98116
0.952703
0.973752
0.991974
0.988538
1.00364
1.00645
1.02135
1.0107
0.994131
0.971239
0.986399
1.01225
0.996065
1.01225
0.956004
0.9954
0.955009
0.999048
1.00394
1.00111
0.97142
0.961075
0.973832
0.991406
0.986944
0.95849
1.01979
0.993057
0.970624
1.01891
1.0053
1.00483
0.953311
0.987526
0.972162
1.01581
0.991356
0.973125
0.954461
0.982191
0.972107
0.979226
1.01191
1.01316
0.962146
1.00533
0.973925
1.0203
1.01517
1.00894
0.964109
0.992457
1.01439
1.01532
0.969997
1.02132
1.00749
1.01837
1.02275
1.02123
0.99981
1.01244
0.97147
1.03241
1.00482
0.998494
0.984807
1.01377
1.01819
0.97348
1.03639
1.04267
1.01756
1.01256
0.993943
0.997213
0.986993
0.998864
0.990223
0.959448
1.03064
1.02576
1.01405
1.01921
1.01349
1.02862
0.996665
0.990371
1.00206
0.989574
0.982102
1.008
1.03201
0.98037
0.993209
0.992181
1.02647
1.04522
1.01756
1.02725
1.00886
0.995125
0.998469
1.00347
0.994847
1.02353
0.991794
1.0461
1.00039
0.97759
0.95514
0.991836
1.01605
0.994343
0.967037
1.0335
0.982976
0.979418
1.05388
1.00501
1.01716
1.01763
1.02425
1.00301
1.0124
1.01722
0.994882
0.989164
0.986326
1.02211
1.01871
0.976338
1.01365
1.01536
0.907958
0.990312
1.0015
0.994108
1.03072
1.01144
1.01858
0.975855
1.0095
1.01471
1.00124
1.00868
0.980191
1.01791
1.04256
0.974005
1.01874
0.993441
1.01044
1.03311
1.01121
1.00772
1.00884
1.01748
1.05517
1.0468
1.01474
0.989122
1.03734
0.991712
0.998697
1.02494
1.02895
1.01453
1.04588
1.04363
0.999885
0.997148
1.0154
0.988993
1.03249
1.00785
0.966542
1.03069
0.997732
0.995981
1.01557
1.02256
1.00878
1.03963
1.02367
1.01264
1.01191
1.01934
0.985246
1.00918
1.02756
1.01359
1.03479
1.01774
1.04754
0.996362
1.0147
1.02
1.04455
1.03864
1.02249
1.00705
0.996343
1.01587
1.02507
1.00358
1.03904
1.05688
1.02143
1.06728
1.00233
0.993259
1.01581
1.01926
1.00694
1.00797
0.995543
1.06183
1.03208
1.00799
1.00978
1.01432
1.0206
1.03476
1.01146
1.02199
1.03502
1.03614
0.992565
1.02921
1.06601
1.03754
0.974815
1.00338
1.06847
1.01675
1.03074
1.01897
1.03227
1.01696
1.04018
1.03365
1.00978
1.02286
1.06827
1.00463
1.03039
1.01413
1.00172
0.976253
1.05596
1.05192
1.0279
1.02068
1.03981
0.960263
1.02318
0.984414
0.998725
1.01928
1.0519
1.03967
0.993936
1.05188
0.990874
0.984194
1.04839
1.03619
0.994696
1.03098
1.0252
1.02583
1.05086
1.04145
1.01032
1.00814
1.00699
1.04458
1.08314
0.999654
1.02913
1.04855
1.02494
1.02913
1.03164
1.03623
1.03249
1.00732
1.02217
1.0126
0.989026
1.00892
1.01576
1.01064
1.02593
1.02754
1.0098
1.01629
1.00326
1.05272
1.07137
1.00985
1.01744
1.05322
1.04928
1.03247
1.04334
1.00807
0.997169
1.07524
1.02108
1.01512
1.0664
1.04569
1.04718
1.01147
1.00451
1.0625
1.04071
1.02076
1.07066
1.01796
1.00862
1.00262
1.04652
1.03914
1.03376
1.03055
1.04239
1.0014
1.0431
1.0885
1.05209
1.06634
1.01556
1.01229
1.03867
1.03351
1.02825
1.00443
1.08231
1.04741
1.02684
1.04042
1.03751
1.03163
1.00108
1.03788
1.0215
1.07957
1.05473
1.05244
1.03737
1.03434
1.06248
1.04067
1.06368
1.01314
1.01288
1.06623
1.04685
1.02121
1.05021
1.0473
1.05564
1.071
1.00799
1.09714
1.04214
1.04279
1.04721
1.05635
1.00792
1.02732
1.07728
1.06953
1.045
1.01738
1.06898
1.02726
1.02648
1.05759
1.03867
1.04135
1.05571
1.08514
0.994989
1.05896
1.01512
1.02446
1.06914
1.04468
1.0415
1.08622
0.99881
1.06055
1.00556
1.06606
1.05347
1.05575
1.01189
1.02071
1.03084
0.998685
1.0279
1.01418
1.0498
1.04033
1.0118
1.06685
1.07443
1.03005
1.04554
1.05325
1.03
1.0509
1.01879
1.02691
1.08807
1.02582
1.03973
1.08175
1.03258
1.05047
1.04458
1.01628
1.07218
1.0777
1.06233
1.05634
1.06488
1.0457
1.04879
1.00119
1.07088
1.06279
1.06428
1.08404
1.0961
0.996857
1.05916
1.04405
1.04949
1.0453
1.07442
1.04067
1.06512
1.048
1.05622
1.01269
1.00468
1.0823
1.04225
1.05585
1.07844
1.0685
1.03585
1.05637
1.08499
1.06263
1.03418
1.05212
1.03665
1.05704
1.0342
1.08166
1.0231
1.07212
1.03572
1.06602
1.05684
1.03376
1.07735
1.07142
1.06701
1.03775
1.02167
1.04848
1.03464
1.03026
1.04518
1.05029
1.04582
1.00763
1.03524
1.04074
1.05502
1.03692
1.07131
1.05383
1.05362
1.03775
1.06213
1.06611
1.06256
1.06129
1.06396
1.07665
1.08658
1.05803
1.05477
0.999506
1.04687
1.03489
1.05935
1.02916
1.04352
1.06848
1.03377
1.04391
1.0307
1.06211
1.08605
1.06556
1.00728
1.07827
1.00021
1.06454
1.06771
1.09823
1.04735
1.09734
1.04464
1.05107
1.07441
1.07001
1.109
1.07147
1.01925
1.02386
1.03826
1.06249
1.02713
1.04328
1.03569
1.02139
1.05231
1.05823
1.08802
1.02372
1.03056
1.03662
1.06846
1.00645
1.06499
1.02828
1.06942
0.988011
1.03002
1.06715
1.0693
1.00133
1.06137
1.08775
1.04022
1.06063
1.02762
1.04345
1.04632
1.05662
1.04721
1.05015
1.05453
1.06941
1.05446
1.00212
1.03872
1.04807
1.00086
1.02094
1.01454
1.02652
1.07031
1.07151
1.06861
1.01264
1.01393
1.01106
1.04461
1.09356
1.03248
1.08086
1.02525
1.08865
0.991717
1.07707
1.03776
1.01051
1.0577
1.05186
1.02634
1.0654
1.09077
1.06907
1.05119
1.04315
1.07291
1.03753
1.03089
1.05099
1.05749
1.03188
1.08492
1.08552
1.03544
1.01017
1.05518
1.06914
1.00912
1.03387
1.04463
1.05884
1.05967
1.05907
1.07317
1.0323
1.04246
1.04219
1.0429
1.01614
1.01025
1.0512
1.04211
1.04233
1.00901
1.00895
1.03397
1.06248
1.02582
1.08233
1.02661
1.06371
1.02523
1.00548
1.0445
1.05514
1.03079
1.03963
1.04825
1.02554
1.0177
1.01254
1.03482
1.05967
1.09402
1.04291
1.06646
1.03659
1.06624
1.06846
1.06172
1.04228
1.06824
1.02242
1.01381
1.04266
1.01684
1.07328
1.0217
1.08389
1.00866
1.06137
0.979096
1.04849
1.04541
1.03815
1.03153
0.999252
1.00746
1.05744
1.01682
1.02304
1.0718
1.05987
1.00571
1.04266
0.988212
1.05769
0.994444
1.02988
1.00649
1.05259
1.01534
1.07683
1.05161
1.06422
1.03238
1.03443
1.05363
1.02762
1.05043
0.997019
0.999787
1.03277
1.06633
1.06873
1.05507
1.06984
1.05154
1.01917
1.0857
1.02433
1.03273
1.03847
1.00585
1.01182
1.02397
1.07756
1.03071
1.04374
1.01589
1.02172
1.0284
1.05885
1.01697
1.04975
1.03505
1.09448
0.996674
1.03808
0.963155
0.987207
1.01249
1.00906
1.05862
1.05915
1.00558
1.01719
1.01645
1.04181
1.01385
1.00284
0.992043
1.05953
1.02994
1.08316
1.029
1.02492
1.02219
0.981794
1.0937
1.00431
1.00059
0.970349
0.995897
0.991772
1.05768
0.976714
1.02013
1.03074
1.01344
0.996992
1.03858
1.02159
1.04959
0.986452
1.03605
1.01648
1.00231
1.04078
1.0139
1.04457
1.03518
1.02108
1.04229
1.03241
1.03382
0.986453
1.03878
0.991673
1.01498
1.01817
1.0145
1.01719
1.02772
1.06761
1.04031
0.995565
0.96949
1.0271
1.04821
1.00807
1.08961
1.02511
1.0532
1.03398
1.04723
1.07338
1.0272
1.00985
1.03032
1.06467
1.07194
1.02011
1.05142
1.01659
1.01857
0.997817
1.02935
1.00227
1.04614
1.03625
1.0467
1.03846
1.01085
1.05581
1.04065
1.03359
1.03836
1.03793
1.03309
1.0691
0.994362
1.03622
1.01044
1.04229
1.03673
1.01748
1.09783
1.01785
1.03682
1.09353
1.01981
1.03633
0.985888
0.999089
1.04451
1.0478
1.03729
1.05126
1.05139
1.04415
1.02583
1.03278
1.01763
1.04141
1.04637
1.0195
1.0047
1.0301
1.04847
1.04472
1.03838
1.01896
1.07482
1.04774
1.04107
1.07877
1.07375
1.04524
1.01962
1.05108
1.05973
1.01947
1.06861
1.05447
1.07726
1.05025
1.08127
1.02984
1.07858
1.05613
1.02747
1.09012
1.03974
1.04944
1.04876
1.05221
1.06372
1.03195
1.02595
1.00519
1.06274
1.00941
1.04477
1.0142
1.05622
1.03664
1.03512
0.990681
1.08658
1.05476
1.05192
1.00645
1.0523
1.07026
1.02318
1.07841
1.00539
1.02915
1.03794
1.0151
1.00875
1.04398
1.00324
1.02273
1.05003
1.06751
1.04904
1.0045
1.03556
0.998193
1.00145
1.03501
1.07637
1.03075
0.991196
1.04127
1.08627
1.07512
1.02811
1.01892
1.05809
1.07631
1.05514
1.02695
1.04954
1.04538
1.03784
1.05359
1.04171
1.07206
1.09471
1.05149
1.03323
1.03125
1.05147
1.04846
1.05038
1.06604
1.02694
1.02188
0.997678
1.04446
1.0522
1.04955
1.03574
1.06446
1.04206
0.999527
1.06655
1.014
1.06051
1.05934
1.01175
1.02961
1.02483
1.0749
1.09112
1.05603
1.03586
0.997587
1.0726
1.02441
1.05919
0.96811
1.02109
1.08395
1.04071
1.04076
0.998342
1.03107
1.04708
1.03169
1.02416
1.04989
1.0196
1.01035
1.07262
1.03068
1.054
1.00953
1.05147
1.06032
1.04201
0.989523
1.04333
1.07668
1.06151
1.04726
1.04746
1.01523
1.05315
1.05731
1.05056
1.02206
1.03521
1.01846
1.03073
0.99593
1.0098
1.04202
1.00663
1.05523
1.05891
1.06373
1.06399
1.04153
1.04885
1.04302
1.01843
1.02208
1.02811
1.02494
1.02762
1.05178
1.0351
1.05718
1.03041
0.980771
1.02096
1.0435
1.04493
1.08711
1.05017
1.03455
1.03161
1.05374
1.01676
1.03051
1.01251
1.03232
1.05033
1.00027
1.02011
1.03414
1.08452
1.05912
1.03473
1.01741
1.06265
1.00094
1.00312
1.07086
1.03887
1.05954
1.01645
0.998536
1.04936
1.02977
1.04578
1.04746
1.08226
1.06631
1.06226
1.01973
1.00082
1.00455
1.04773
1.04666
0.986124
1.04662
1.03641
0.9982
1.09252
1.00363
1.03005
1.03975
0.979469
1.01952
1.05275
1.05895
1.07464
1.03864
1.03447
1.00123
1.06558
1.04058
1.08545
1.04964
1.07957
1.03596
1.02868
1.00139
1.04108
1.03175
1.0207
1.01522
1.03916
1.03448
1.02564
0.9902
1.04636
0.986241
1.03014
1.05197
1.03114
1.00688
1.05264
1.05324
1.04121
1.02634
1.04442
1.05135
1.0708
1.0288
0.986453
1.04456
1.0466
1.05476
1.06008
1.02814
1.04011
1.02671
1.00741
1.03843
1.0249
1.01275
1.07165
1.05467
1.03297
1.00071
1.0067
1.02884
1.03688
0.989715
1.07079
1.00724
1.03957
1.0415
1.03125
1.0199
1.08892
1.06539
1.03173
1.03521
1.03156
1.03144
1.03227
1.02595
1.04173
1.03364
1.04196
1.04864
1.03219
1.04078
1.02828
1.04293
1.049
1.06591
1.03577
1.01495
1.08211
1.02278
1.01689
1.04484
1.03676
1.04608
1.03541
1.06173
1.02223
1.03658
1.0205
1.03531
1.02352
1.026
1.04881
1.07231
1.01832
1.01642
1.03765
1.0244
1.03797
1.05565
1.04474
1.02679
1.01465
1.06089
1.06355
1.04889
1.04089
1.01561
1.03189
1.01025
1.02417
1.02709
1.02149
1.04019
1.07119
1.0823
1.00823
1.07088
1.04958
1.07879
1.03637
1.056
1.05221
1.05759
1.08132
1.0263
1.04756
1.03249
1.09153
1.05771
1.03718
1.08951
1.05057
1.03281
1.07985
0.997332
1.05709
1.04816
1.03801
1.01105
1.03389
1.00256
1.01983
1.03028
1.05105
1.01139
1.01231
1.06723
1.07025
1.01368
1.04035
1.01066
1.0487
1.04139
1.03867
1.05511
1.03602
1.04041
1.04415
1.02895
1.02091
1.04238
1.03862
1.0648
0.996901
1.02532
1.06118
1.06916
1.02163
1.0694
1.03619
1.04067
1.03717
1.04746
1.04242
0.998765
1.04314
1.00605
1.05253
1.022
1.04223
1.02944
1.03459
1.05998
1.04588
1.03913
1.03591
1.05266
1.06791
1.03251
1.03277
1.0543
1.08209
1.03995
1.0515
1.014
1.05515
1.058
1.02004
1.10885
1.00227
1.04268
1.06854
1.05664
1.03999
1.03765
1.0357
1.03262
1.0445
1.01083
0.999422
1.02536
1.03519
1.01269
0.966138
0.976116
1.0375
1.05524
1.01002
1.06289
1.01124
1.05932
1.00855
1.04446
1.04774
1.05725
1.05197
1.0198
1.00711
1.04159
1.05374
1.03838
1.03238
1.01645
1.00768
1.04118
1.0409
1.04121
1.06401
1.07928
1.04126
1.10015
1.05213
1.06727
1.02139
1.04061
0.995895
1.02357
1.02728
1.02419
1.01336
1.03454
1.04635
1.00728
1.03799
1.025
1.03845
0.989334
1.02348
1.02005
1.0425
1.0239
1.01309
1.02158
1.02296
1.06495
1.03411
1.04651
1.03472
1.02076
1.05468
1.01404
1.03291
1.00292
1.03031
1.08015
1.02896
1.03192
1.02497
0.996291
1.05134
1.02554
1.05962
1.05468
1.01794
1.03507
1.00805
1.06469
1.04299
1.02989
1.04705
1.01312
1.01038
1.03647
1.02269
1.05386
1.01628
1.01751
1.02571
1.02445
1.06007
1.03899
0.986118
1.03445
1.06926
1.05478
1.02982
1.05114
1.03055
1.02491
1.0611
1.06657
1.01432
1.04845
0.997805
1.02653
1.04125
1.02893
1.02924
1.03066
0.984924
1.01864
1.02582
1.05458
1.00877
1.00658
1.01857
0.990359
1.02974
1.0372
1.02648
1.0674
0.98476
1.01921
1.0321
1.06415
1.02352
1.05119
1.02337
1.00807
1.02524
1.04534
1.04951
0.991943
0.996516
1.01531
1.05821
1.0046
1.07317
1.03898
1.0217
1.03867
0.995961
1.01085
1.03716
1.06421
1.01571
1.02069
1.03957
1.02729
1.04338
1.0458
1.04247
1.01078
1.05331
1.06084
1.06744
1.06042
1.02959
1.08021
1.06633
1.01441
1.0185
1.02899
1.08711
1.03932
0.995842
1.01858
1.02861
1.06937
1.0655
1.05007
1.05036
0.992679
1.00684
1.03517
1.02545
1.05949
1.04541
1.0075
1.03209
1.05255
1.01866
1.05779
1.05153
1.0292
1.0356
1.07557
1.0086
1.06565
1.04022
1.04105
1.04286
1.0414
1.00416
1.02192
1.03648
1.02014
1.02314
1.03662
1.04554
1.04625
1.05549
1.03435
1.02477
1.04953
1.05289
1.03351
1.02014
1.01616
1.07032
1.05021
1.01914
1.02634
1.01846
1.02345
1.00076
1.04895
1.04563
1.04818
1.04443
1.00384
1.03087
1.01374
1.02082
1.0338
1.05206
1.05253
1.01449
1.03707
1.04196
1.03808
1.02582
1.06536
1.02779
1.01069
0.994891
1.00453
1.02951
1.03281
1.01651
1.03659
1.0535
1.04086
1.06012
1.03677
1.01602
0.991448
1.02071
1.0091
1.00098
1.00606
1.04395
1.01985
1.02614
1.02888
1.01501
1.01257
1.03488
1.0028
1.03866
1.0244
0.994991
1.05443
1.04073
1.04304
0.999393
1.02654
1.02628
1.0253
1.02792
1.04402
1.05049
1.06378
1.04439
1.05911
1.01137
1.03324
1.02816
1.06887
0.993386
1.01287
1.07233
1.02644
1.05242
1.00725
1.05597
1.04659
1.04636
1.02539
1.03431
0.99498
1.0012
1.0126
1.06281
1.08137
0.993533
0.988333
1.03615
1.00095
1.02543
1.05202
1.03209
1.00717
1.03681
1.0433
1.03603
1.04694
1.0698
1.02897
0.995069
1.05757
1.00736
1.00845
1.04215
1.03227
1.01977
1.03896
1.00058
1.03042
1.0266
1.04212
1.04778
1.02716
1.02702
0.976512
1.01763
0.981327
1.05206
1.04849
1.01094
1.05494
1.04041
1.02845
1.05973
1.02772
1.04739
1.03339
1.02555
0.989722
1.06754
1.0439
1.04475
1.03524
1.02816
1.01795
1.00556
1.0306
1.0159
1.04337
1.04702
1.06289
1.04715
1.05159
1.04259
1.03936
1.04416
1.05439
1.03683
1.01511
1.01353
1.06011
1.02689
1.04317
1.03212
1.03698
0.981626
1.04316
1.02494
1.03894
0.99652
1.02837
0.999985
1.03021
1.00821
1.03565
1.06558
1.0244
1.03808
1.02531
1.04432
1.01261
1.0095
1.04976
1.01938
1.02598
1.02359
1.01374
1.00987
1.03497
1.03075
0.995215
1.02764
1.01738
1.04585
1.03828
1.01498
1.00279
1.01801
1.03191
1.06718
1.04151
1.04726
1.03338
1.02954
0.996479
1.06543
1.00407
1.01118
1.04804
1.03428
1.05749
1.01775
1.03367
1.0089
1.04012
1.00903
1.03028
1.00898
1.0477
0.998767
1.05162
0.99039
1.02573
1.01538
1.02888
1.00992
1.06125
1.03995
0.984119
1.01734
1.00403
1.08
1.06036
1.02505
1.0046
0.996359
1.02561
1.01549
1.09919
1.03766
1.00976
1.0491
1.04643
0.996622
0.999272
1.01625
1.04353
1.03639
1.0252
1.02114
1.04427
1.05086
1.00604
1.01125
0.995402
1.0038
1.0362
0.967219
1.0264
0.993833
1.04509
1.01471
1.0567
1.03352
1.05964
1.01575
1.05988
1.01533
1.01361
0.999822
1.01368
1.03557
1.0442
1.0135
1.00655
1.02404
1.02399
1.03362
1.04438
1.02149
1.04848
1.00412
1.01256
1.04081
1.05431
1.02825
1.02499
1.03889
1.02646
1.05555
1.06594
0.976575
1.06058
1.04742
1.05837
1.06887
1.03517
1.00712
0.997148
1.02646
1.04255
0.982567
1.02521
1.02701
1.01749
1.02039
1.02069
1.04513
1.05196
1.04603
1.07947
1.02383
1.04483
1.00579
1.02859
1.02284
1.03421
1.01596
1.01349
1.05178
1.01328
1.05914
1.04807
1.03763
1.02128
1.04154
1.03786
1.09617
1.00312
1.03813
1.04205
1.02956
1.04357
1.04005
0.981649
1.04457
1.05346
1.0603
0.988186
1.00005
1.04409
1.00968
1.05304
1.04375
1.05191
1.05669
0.98724
1.06316
1.03314
1.05083
1.03424
1.02583
1.00132
1.04791
1.04283
1.03785
1.04219
1.02818
1.02134
1.04925
0.993181
1.06556
1.05593
1.05356
1.04032
1.0049
0.986726
1.06261
1.06274
1.02575
1.04206
1.03681
1.02551
1.03967
0.998613
1.0217
1.0274
1.01046
0.995371
1.01314
1.0512
1.03807
1.04809
1.02694
1.05677
0.999168
1.05618
1.02949
1.03839
1.04057
1.01674
1.02913
1.03274
1.06391
0.999704
1.0082
1.00131
1.01702
1.00265
1.02984
1.02676
1.05027
1.06515
1.00174
1.04285
1.04376
1.04118
1.04077
1.03112
1.05409
0.999534
1.00273
1.04462
1.04796
1.00454
1.00112
1.0398
1.04941
1.04026
1.02768
1.03067
1.00034
1.03947
1.02545
1.03584
1.03718
1.02741
1.00423
1.0043
1.02278
1.03122
1.01976
1.05263
0.994569
1.00408
1.02143
1.03349
1.07238
1.00549
0.983548
0.991806
0.952436
1.02962
1.0644
1.03172
1.00379
1.02479
1.05798
1.01658
1.04987
1.0374
1.00337
1.01126
1.04649
1.00866
1.0159
1.01341
0.99039
1.03016
1.04797
1.0086
1.04145
1.04596
1.02799
1.02143
0.986091
1.01416
1.05892
1.0423
0.99286
1.02689
1.04586
1.03054
1.03581
1.04854
1.0356
1.05284
1.04128
1.0832
1.02952
1.03185
1.05084
0.983401
1.04665
1.08067
1.03206
1.02565
1.02736
1.05022
1.02222
1.03569
1.01709
1.03082
1.02196
1.06297
1.03064
1.02687
1.00614
1.01434
1.03275
1.01652
1.05026
0.993984
1.0433
1.04287
1.06006
1.0558
1.03456
1.00036
1.0323
1.03357
1.03489
1.07034
0.988948
1.02191
1.01811
1.03387
1.03592
0.999488
1.00969
1.07389
1.05241
1.04711
1.03189
1.03806
1.02023
1.04992
1.02783
1.01793
1.07329
1.04263
1.04322
1.04044
1.07658
1.03947
1.0341
1.04923
1.03028
1.02296
1.00267
1.01821
1.05355
1.02971
1.03224
1.01742
1.05428
0.980513
1.02754
1.03881
1.02781
1.00907
1.00734
1.0224
0.984748
1.04664
1.01787
1.03965
1.0208
1.03369
1.03611
1.02509
0.983268
1.01268
1.07857
1.03048
1.03054
1.01035
1.01576
1.05957
1.03417
1.03275
1.04888
0.998315
1.03028
0.998659
1.03536
1.02184
1.04034
1.00285
1.04905
1.06449
1.06046
1.03885
1.03136
1.00301
1.02392
1.04462
1.04669
1.04716
1.06663
0.976556
1.02166
1.02064
1.06478
0.982817
1.03139
1.05586
1.03602
0.999138
1.04737
1.01836
1.01527
1.05042
1.02986
1.04178
1.03568
1.00246
1.02424
1.00165
0.997582
1.02496
1.02099
1.07485
1.02862
1.02156
1.02918
1.00464
1.00958
1.02028
1.03296
1.05147
1.02801
0.982418
0.987546
1.05638
1.02323
1.06339
1.00242
0.984395
1.03848
1.00531
1.05525
1.04708
1.0369
1.02169
1.01764
0.991562
1.01812
1.06007
1.04849
1.03708
1.01787
1.00473
1.01619
1.00008
0.997295
0.994732
1.04423
1.02907
1.0083
1.04081
1.03624
1.05603
1.04651
1.04339
1.06
1.01606
1.02364
1.0355
1.01631
1.02094
0.995362
1.02774
0.974064
1.0561
0.984098
1.02109
1.01535
1.03776
1.05931
1.05396
1.01218
1.00194
0.998784
1.04737
1.00785
0.983373
1.00629
1.04228
0.988576
1.0565
1.05904
1.01995
1.07117
1.0589
0.996141
1.03241
1.02209
0.968344
1.05685
1.03005
1.01937
1.01313
1.04951
1.03484
1.02519
1.03766
1.01606
1.01343
1.02271
0.99968
1.05498
1.06391
0.994642
1.01982
1.03481
1.02991
1.03119
1.01685
0.985486
1.00797
1.02828
1.03819
1.04893
1.0506
1.01736
1.03051
1.02376
1.02914
1.08052
1.07119
1.03263
0.9997
0.995005
1.01758
1.00922
1.01334
1.05242
1.04015
1.05025
1.02547
0.965863
1.02588
1.02766
1.03758
0.986179
1.0161
1.02029
1.05641
1.00156
1.00398
1.0093
1.00907
0.990037
1.00265
1.04966
1.03558
0.99159
1.03166
1.06106
0.999246
1.01447
1.00342
1.02675
1.02961
0.984491
1.03874
0.996344
1.0263
1.03249
1.01629
1.03267
1.03391
1.04006
1.00295
1.03236
1.03472
1.05805
1.05583
0.997221
1.03074
1.00109
0.996044
1.02703
1.05885
1.01472
1.02576
1.00683
1.06308
1.0546
1.04276
1.04787
1.00409
1.04546
1.0386
0.996534
1.03737
1.04861
1.00753
1.02004
1.04502
1.02678
1.02169
0.992018
1.04065
1.01026
1.04158
1.05654
1.02518
1.02239
1.06535
1.04246
1.03085
1.03344
0.997618
1.01229
0.987495
1.03281
1.00298
0.977908
1.06743
1.07304
1.06127
1.02079
1.01563
1.0236
1.01977
1.02154
1.05531
1.05242
1.05606
1.03475
1.04771
1.00623
0.997258
1.00453
1.02051
1.02696
1.04224
1.02296
1.04351
1.0305
1.0206
0.992789
1.03227
1.03167
1.00094
1.00778
0.97273
1.00677
1.03832
1.02619
1.08388
1.01412
1.02054
1.06601
1.04736
1.05314
1.01593
1.05064
1.01864
1.02154
1.01921
0.976238
1.04589
1.02805
1.00652
1.04732
0.99818
0.989543
1.0394
1.05345
1.01662
1.03425
0.99108
1.03793
1.0044
1.0021
0.977598
1.01844
0.99593
0.992459
1.0043
1.0333
1.00871
1.02504
1.00637
1.06564
1.00382
1.00181
1.00948
1.00235
1.01167
0.995674
1.03544
1.04529
1.02176
0.998348
1.02616
0.986154
1.03573
1.02316
0.995294
1.02834
1.03929
1.00937
1.02586
0.993741
0.998102
1.05185
1.02256
1.01457
1.05111
1.03219
1.02745
0.979234
1.03978
1.03683
1.03042
1.00714
1.00443
1.0085
1.03384
1.00784
1.00296
0.982447
1.00956
1.00949
1.01654
1.05978
1.02523
1.01836
1.03035
1.03693
1.02578
1.02645
1.00789
1.02571
1.03692
1.00121
1.04553
1.00096
0.992765
1.02532
1.00411
0.973304
1.03295
0.986244
1.01105
1.02733
0.97496
1.03611
1.02274
1.02038
1.01975
1.04175
0.975784
1.01752
1.00449
1.02468
1.02366
1.00204
1.00681
0.990829
1.03706
1.01593
0.961264
1.00971
1.00531
1.02712
1.01831
1.03733
1.02332
1.03283
1.02952
1.00246
1.01084
1.02221
1.03458
1.06259
1.01191
0.992175
1.01949
1.00868
1.01931
0.996677
0.979411
0.998349
1.0299
1.02357
1.00247
1.0534
0.994501
1.01556
1.01089
1.0165
1.04729
0.999261
1.01226
1.03153
1.01083
1.00214
1.03555
1.01536
1.02502
1.00582
1.01849
1.02955
1.03272
1.01325
1.01756
1.03786
1.01469
1.0486
1.03385
1.04413
0.979388
1.05014
0.995766
1.0109
1.04435
1.0603
1.0252
1.00768
1.01709
1.03422
1.00922
1.01487
1.01881
1.01269
1.03827
1.02249
1.01503
0.990901
1.00291
0.994765
1.02168
0.983414
1.0381
1.0023
1.01297
1.0071
1.00899
1.00942
1.0093
0.999875
1.0243
1.01137
0.957686
0.982521
1.05044
1.01673
0.997066
1.04148
1.0262
0.99334
0.993603
0.98488
1.00825
0.987316
1.03301
1.01042
1.0351
1.02994
1.01502
0.989986
1.00766
1.03269
1.00954
0.982875
1.0332
0.980487
0.991033
1.01034
1.04339
1.0243
1.02868
0.981465
1.01811
1.00583
1.00959
1.03248
1.02976
1.01372
0.991854
0.997654
0.974203
1.00155
1.0386
1.03189
1.00436
1.01941
1.00381
1.01105
1.01215
1.02042
1.02571
1.03504
1.00238
1.02968
1.00416
1.02601
1.02707
1.02697
0.999369
1.0125
1.01456
1.00287
1.00308
0.996287
1.02886
1.00279
1.00272
1.04306
1.01675
0.999956
0.996651
0.988213
1.01655
1.02122
0.979909
1.02504
1.035
1.00113
1.01402
1.00018
1.03823
1.02827
1.0418
1.0199
1.01716
1.02452
0.98208
0.999344
1.00138
1.00842
1.02315
1.01104
0.960567
1.02997
1.00569
0.985813
1.01962
0.99948
1.02474
1.02056
1.02042
1.01672
1.0421
1.02494
1.02883
0.973649
0.985109
1.00842
1.02431
1.01325
1.02504
1.04548
1.01318
1.02366
1.03342
1.03933
0.992201
0.982564
1.00109
0.996868
1.06046
1.00584
1.0144
1.01607
1.03106
1.00519
1.00784
1.02944
1.03415
1.01476
0.995741
1.03367
0.989833
0.998536
1.00631
1.03234
1.05515
1.01844
1.03314
1.02646
1.01203
0.989456
1.02397
1.01619
0.988942
1.01812
0.98675
1.02136
1.02573
1.01359
0.971761
1.01647
0.999611
1.00427
1.04621
0.977171
0.996079
0.999879
0.987297
1.0128
1.00525
1.011
1.01249
0.971214
1.02896
1.02481
1.01527
1.0278
0.989425
1.01291
0.98039
1.00745
1.02663
0.995157
1.03829
0.953778
1.00499
1.02489
0.997547
1.03306
0.97698
1.06619
0.965982
1.01999
0.964007
1.00606
0.992587
1.01024
1.00984
1.03561
1.00467
1.0093
0.995213
0.993784
1.00111
1.01343
1.00017
1.03432
1.03217
0.9993
1.03194
1.02778
0.984281
0.982223
1.00239
1.0079
1.01297
1.02773
1.03574
1.00851
1.03811
1.03814
1.05132
1.02988
1.02581
1.02607
1.0357
1.03655
1.01626
1.01355
1.00197
0.995843
1.0386
0.985114
1.02337
1.02409
1.01717
1.0289
1.00328
1.00391
0.995348
1.03553
1.00464
0.986699
1.03408
1.04178
1.00919
1.06549
0.98913
1.03207
1.0174
0.972209
0.981891
1.01444
0.974388
1.03207
1.02548
0.969688
0.988606
1.00725
1.03254
1.00655
0.995298
1.01319
0.998222
1.01225
0.989607
1.02218
1.00464
0.990383
1.00329
0.994147
0.999647
0.994688
0.983231
0.975503
0.996515
1.03833
1.0126
1.00952
1.03026
1.0057
1.00952
0.996566
1.02676
0.989576
1.01935
0.98017
1.01436
0.992506
0.980953
1.0211
1.0297
0.986997
1.01453
0.983155
0.994679
1.01264
1.06459
1.03069
1.04554
1.0417
1.00671
1.04924
1.02418
1.03442
1.00571
0.991481
0.982514
0.990232
1.02404
0.971001
0.991405
1.02527
1.02353
1.02049
1.04412
1.0249
0.994689
1.00716
1.01046
1.02406
1.02422
0.987706
1.03108
0.985106
1.00743
1.00471
1.02576
1.02689
1.01152
1.01319
1.01615
1.02766
0.976373
1.01278
1.03301
0.987797
1.0052
1.01586
0.985797
0.998365
0.965815
0.973466
1.05004
1.05796
1.04131
1.03189
1.01336
0.998677
1.0109
0.975731
1.00573
1.02699
1.00866
1.029
0.975277
1.02676
0.995608
0.989602
0.979769
1.02441
1.02515
0.999115
1.0208
1.03554
0.98833
1.00003
1.04084
1.03272
1.03392
1.02412
1.00724
1.04275
1.03428
0.999748
1.00841
1.01775
1.0089
0.993843
1.01097
1.00706
1.00538
1.0402
0.981168
0.998512
1.04828
1.00728
0.970993
0.972296
1.01984
1.03555
1.02257
1.01265
0.992434
1.02438
1.01568
0.987063
1.01566
0.991476
0.994869
0.972721
1.00378
1.01895
1.05532
1.00852
1.0327
0.9917
1.03141
1.02464
1.02274
1.05711
1.01529
1.02602
1.01773
1.02623
0.995692
1.0106
0.992023
0.998959
1.03233
0.994138
1.00437
0.985945
1.0184
1.01306
1.04288
0.997048
0.970696
1.02893
1.02882
1.03958
1.00923
0.977106
0.996305
1.02954
0.961566
1.01753
1.01156
1.02235
1.00204
1.0196
1.02191
1.00836
1.00571
1.02176
1.07206
1.00927
1.03756
1.02838
1.04667
0.973686
0.995298
1.01648
1.01697
1.01479
0.985563
1.02158
1.00207
0.985508
1.01294
1.01281
1.04013
1.02837
0.97616
0.972261
1.00973
0.98799
1.01266
0.98493
1.02596
1.03757
1.03252
0.989216
0.967012
1.01627
0.996454
1.00856
1.04349
1.01632
1.00507
1.01659
0.97854
1.00028
1.03523
1.04462
1.01201
1.0104
0.972451
1.01537
1.02271
0.999706
1.02179
0.973404
1.03385
1.02054
1.01839
0.989877
0.98472
1.03656
1.00175
0.967355
1.0128
1.02041
0.985502
0.998721
0.989639
0.964096
1.00221
1.00917
1.00596
1.03008
0.961436
0.985729
0.976861
1.02558
1.01297
1.01333
0.984194
1.00886
1.00343
0.9863
1.00492
0.989791
1.05023
1.00564
1.02489
1.01052
1.00311
1.0083
1.00237
1.01998
0.98038
1.00903
0.989768
1.01868
1.03663
1.01934
1.02962
1.03904
1.03893
0.958973
1.03289
0.982414
1.03911
1.0084
1.00091
1.01405
1.0027
0.999146
1.02572
1.00232
1.00129
1.00262
1.05553
0.988952
1.036
1.01082
0.979064
1.00702
1.01186
0.998394
1.02085
1.02821
1.01149
1.00597
1.02016
0.983845
0.992006
0.998606
1.03456
0.957588
0.995513
0.997134
0.999594
0.998534
0.992655
0.995368
1.01563
1.00784
1.0248
1.01623
1.02301
0.958126
1.00316
1.01972
0.997602
0.989221
0.973738
1.00873
0.997084
1.07052
1.0076
0.979558
1.00715
0.987603
1.00288
1.01837
1.01196
0.981294
1.01245
1.00942
1.01189
1.00369
0.987932
0.942398
1.02014
1.02262
0.946894
1.01118
0.981571
0.977579
1.02455
1.0067
1.01852
0.99737
0.993324
1.0292
1.03802
1.00172
1.00297
1.01763
0.963293
0.978744
0.996016
1.0199
0.97003
1.03625
1.02976
1.01452
0.995844
1.02406
1.0313
0.987775
1.01316
1.0136
1.00849
1.00606
0.98202
1.01473
1.00083
1.03086
1.02506
0.986288
0.992827
1.02492
1.00305
1.04824
0.9584
1.04652
0.989832
1.01667
1.00966
1.01013
0.973724
1.0148
1.00598
0.999708
1.02603
1.01696
1.02406
0.975413
0.947269
0.997252
0.991557
1.01322
1.0042
1.05239
1.00604
1.03058
0.9986
0.968471
0.992437
1.0443
0.998098
1.02205
1.02806
1.03346
1.0273
1.01372
1.00712
0.992025
1.01603
1.01946
1.00964
1.03236
0.974953
1.00548
1.05881
0.998973
1.0026
0.998604
1.01857
1.00506
0.980538
1.00138
0.980583
1.04909
0.994467
1.02436
0.988753
0.994979
1.03206
0.994536
0.992291
1.00153
1.0228
1.02612
0.979314
1.0169
0.996869
1.0269
0.996305
1.03002
1.01731
1.00406
1.01806
1.00742
1.03568
0.973628
1.02522
0.973488
1.02859
1.04741
0.986695
1.00798
1.02432
1.00397
0.976433
0.988685
0.986324
0.961376
0.996839
1.01865
1.00279
1.05989
0.990272
0.988685
0.987284
1.00969
0.99686
1.01033
1.02265
1.00693
1.04124
1.0045
1.00059
1.01445
1.00423
0.995413
1.00451
0.995319
0.997265
0.983385
0.980466
1.00668
0.977747
0.993528
1.01265
0.99182
0.983469
1.01454
0.981378
0.972612
1.01233
1.01302
1.00798
0.988555
1.0117
0.99077
0.960295
0.984383
0.950196
1.00382
1.02286
0.994581
1.04475
0.947018
0.997139
1.03381
1.00344
0.987612
1.02188
0.993912
1.02194
0.976109
1.02082
0.950452
0.969189
0.997487
0.994851
0.963496
0.99727
0.996923
1.00198
0.970718
0.987798
1.00957
0.982307
0.99104
0.984871
1.0466
1.00099
1.00626
1.00256
1.02409
0.964558
0.993094
1.00858
1.03346
0.98701
0.971329
1.01419
0.994058
0.961828
0.976822
0.964774
1.02201
0.993225
1.00929
0.97233
1.01126
0.984535
0.997904
0.994397
0.996908
0.972328
0.977277
1.0003
0.995517
0.979198
1.03184
1.00814
1.00285
1.01332
1.05409
1.00863
0.998768
0.990462
0.964344
0.985741
0.954496
1.01822
1.02232
1.01381
1.01531
1.00564
0.98328
0.996842
1.02523
0.993685
0.988481
0.971611
1.00399
0.985497
1.00191
1.01146
1.01559
1.03039
1.00289
0.972484
0.983565
1.00945
1.00067
1.02546
0.985639
0.973004
1.00381
1.02898
1.04993
0.984529
0.99387
1.04105
0.964934
0.983201
0.989595
1.01764
0.974151
0.992119
0.985231
0.992862
0.995873
0.988811
0.984987
1.03394
0.963672
1.0021
0.982972
1.00291
0.987937
1.01563
0.999562
1.00974
1.02311
1.01767
0.98975
1.01972
1.00818
0.988276
0.969122
0.998566
0.993159
1.00687
0.997104
0.997352
0.996699
1.01287
1.01482
0.972486
1.01999
0.991429
0.968217
0.99564
0.982103
0.984535
0.961183
1.00687
0.973327
0.975337
1.00411
0.995354
1.03137
0.979722
1.01625
1.03068
0.997396
1.01728
0.997862
0.990493
0.9802
1.01118
0.972747
1.00463
0.980033
1.01694
1.01061
1.01517
1.00454
1.02082
0.999508
1.01683
1.01505
1.01005
1.00857
1.00683
1.02157
1.03879
0.98487
1.01994
1.01323
0.974217
0.978265
0.992293
0.982416
1.02866
1.01861
1.01154
0.998994
1.0045
1.01766
1.00596
1.01977
0.980566
1.0191
1.03614
1.04325
0.99928
1.01794
1.00455
1.01522
1.02219
1.00157
0.968463
0.974111
0.99889
1.01074
1.00411
1.01986
1.004
1.0338
1.0093
0.976047
0.977116
0.996633
0.964262
1.00387
0.991861
1.01295
0.985996
0.99084
0.978401
0.950922
0.985035
0.966545
0.997263
1.00325
1.00669
0.979321
0.973716
1.01757
0.984641
0.961491
1.00074
0.964605
1.04531
0.993866
1.02777
1.02521
1.01419
1.02579
1.00403
0.978677
1.00246
1.00643
0.998263
0.986185
1.01671
0.995537
0.957382
1.00772
0.999985
0.968938
0.980859
0.991863
0.976431
1.02156
0.992539
0.976484
1.03525
0.996883
1.00899
0.96464
1.01163
0.985157
0.982648
1.04302
1.0152
0.993411
1.01719
1.00405
1.01345
1.00821
0.99903
0.989615
0.964513
0.986796
0.998446
1.00844
0.994304
1.00271
0.998479
1.01095
0.976101
0.978738
1.02274
0.983117
1.00148
0.974616
0.982477
1.00387
0.998783
0.969617
0.982326
0.989785
1.02549
1.01691
1.00734
0.944151
0.997357
1.00477
1.03122
0.971808
0.976177
0.95613
0.969991
1.01422
1.01242
0.979965
1.01556
1.0098
0.978793
0.990465
0.956158
0.989387
1.03034
1.01251
0.960565
0.996066
1.01664
0.987759
1.00413
0.989385
1.03262
1.0072
1.04168
0.991192
0.988194
1.02989
1.01853
0.988957
0.982804
1.01949
0.995389
0.993759
1.0208
1.04365
0.97783
0.992484
0.980822
1.00655
1.00275
0.976863
0.991784
0.986184
1.01244
0.930532
0.999008
0.977989
0.985694
1.01302
0.988694
0.968474
0.988504
1.02571
1.01638
0.984519
0.933239
1.02936
0.988682
1.02283
1.00413
0.987709
0.992149
0.928136
1.00442
0.959674
1.01668
1.00387
0.980213
0.969414
0.96181
0.993016
0.977189
0.978243
