-2.0576
-2.07349
-2.08712
-2.06666
-2.04994
-2.03513
-2.04077
-2.03136
-2.02521
-2.01257
-2.0192
-2.01772
-2.01779
-2.01492
-2.01307
-2.0131
-2.01675
-2.01096
-2.01368
-2.01196
-2.0123
-2.01561
-2.01726
-2.01766
-2.01654
-2.0218
-2.02258
-2.01988
-2.0194
-2.01822
-2.01969
-2.01891
-2.01677
-2.01964
-2.01814
-2.01797
-2.01789
-2.01989
-2.02168
-2.01943
-2.01963
-2.01867
-2.01787
-2.01583
-2.01705
-2.01736
-2.01618
-2.01512
-2.01357
-2.01374
-2.01274
-2.01274
-2.01358
-2.01404
-2.01643
-2.01724
-2.01679
-2.01683
-2.01646
-2.01646
-2.01643
-2.0153
-2.01582
-2.0155
-2.01591
-2.01633
-2.01537
-2.0146
-2.01452
-2.01257
-2.01341
-2.01341
-2.01434
-2.01452
-2.01372
-2.01309
-2.01482
-2.01546
-2.01575
-2.01506
-2.01619
-2.01583
-2.01463
-2.01422
-2.0133
-2.01347
-2.01304
-2.01256
-2.01197
-2.0111
-2.01069
-2.01097
-2.00964
-2.01097
-2.01197
-2.01129
-2.01072
-2.01023
-2.01087
-2.00986
-2.01038
-2.00963
-2.00915
-2.00834
-2.0093
-2.00914
-2.0087
-2.009
-2.0094
-2.01064
-2.00947
-2.0089
-2.00843
-2.0083
-2.00912
-2.00948
-2.00815
-2.0084
-2.00702
-2.0074
-2.00642
-2.00615
-2.00594
-2.00558
-2.00601
-2.00443
-2.00422
-2.00435
-2.00387
-2.00296
-2.00261
-2.00262
-2.00323
-2.00199
-2.00148
-2.00067
-2.00089
-2.00071
-1.99999
-2.00141
-2.00039
-2.00087
-2.00125
-2.00268
-2.00208
-2.00156
-2.00193
-2.00103
-2.00072
-2.00092
-2.0017
-2.00304
-2.00205
-2.00125
-1.99951
-1.99939
-1.99925
-2.00031
-2.00013
-2.00054
-2.00093
-2.00076
-1.99956
-1.99945
-1.99913
-1.99856
-1.9999
-2.00057
-2.00072
-2.00279
-2.00216
-2.00169
-2.00125
-2.00153
-2.00156
-2.00123
-1.99951
-1.99811
-1.99698
-1.9977
-1.99669
-1.99662
-1.99723
-1.99757
-1.9981
-1.99789
-1.99893
-1.99934
-1.99917
-2.00052
-1.99957
-1.9988
-2.00033
-1.99935
-1.99853
-1.9982
-1.99875
-2.0003
-1.99842
-1.99822
-1.99758
-1.9982
-1.99708
-1.99758
-1.99698
-1.99736
-1.99619
-1.99692
-1.99631
-1.99528
-1.99563
-1.99628
-1.99675
-1.99682
-1.99675
-1.99619
-1.99695
-1.99713
-1.99805
-1.9977
-1.99772
-1.9978
-1.99781
-1.99778
-1.99804
-1.99762
-1.99762
-1.99924
-1.99977
-2.00037
-1.99982
-1.99919
-1.99883
-1.9983
-1.99935
-1.99933
-1.9997
-1.99898
-1.99833
-1.99681
-1.99617
-1.99577
-1.99574
-1.99632
-1.99589
-1.99549
-1.99495
-1.99595
-1.99749
-1.99769
-1.9983
-1.9965
-1.99651
-1.99687
-1.9976
-1.99784
-1.99788
-1.99757
-1.9971
-1.99554
-1.9946
-1.99621
-1.99588
-1.99542
-1.99553
-1.9957
-1.9953
-1.99672
-1.99662
-1.99515
-1.99502
-1.99577
-1.99501
-1.9951
-1.9957
-1.99723
-1.99691
-1.997
-1.99731
-1.99703
-1.99817
-1.99936
-1.99979
-1.99997
-1.99979
-2
-1.99944
-1.99926
-2.00032
-2.00031
-2.00106
-2.0019
-2.00099
-2.00136
-2.002
-2.00373
-2.00291
-2.00157
-2.00329
-2.00456
-2.00395
-2.00275
-2.00315
-2.00359
-2.00472
-2.00504
-2.00725
-2.00665
-2.00757
-2.00938
-2.00882
-2.00902
-2.00939
-2.01076
-2.01024
-2.01122
-2.01094
-2.01071
-2.01027
-2.00996
-2.01098
-2.01
-2.0099
-2.00929
-2.0088
-2.01004
-2.00892
-2.00923
-2.00927
-2.00986
-2.01037
-2.01123
-2.0115
-2.01406
-2.01359
-2.01441
-2.01386
-2.01385
-2.01416
-2.01455
-2.01625
-2.01689
-2.01658
-2.01543
-2.01612
-2.01677
-2.01818
-2.01822
-2.0176
-2.01718
-2.01532
-2.01572
-2.01664
-2.01763
-2.01739
-2.01713
-2.01756
-2.0172
-2.01754
-2.01853
-2.01948
-2.01799
-2.01941
-2.02059
-2.01992
-2.02014
-2.01907
-2.01715
-2.01662
-2.01672
-2.01667
-2.01664
-2.01777
-2.01717
-2.0164
-2.0146
-2.01488
-2.01553
-2.01608
-2.01619
-2.01501
-2.01364
-2.01434
-2.01403
-2.01429
-2.01405
-2.01467
-2.01556
-2.01561
-2.01497
-2.01626
-2.01683
-2.01695
-2.01638
-2.01705
-2.01685
-2.01747
-2.01723
-2.01638
-2.01611
-2.01549
-2.01588
-2.01568
-2.01515
-2.01382
-2.01339
-2.01249
-2.01218
-2.01161
-2.01125
-2.01185
-2.01045
-2.01018
-2.00975
-2.00974
-2.00935
-2.01029
-2.01018
-2.01117
-2.01104
-2.0105
-2.01133
-2.01265
-2.0132
-2.01376
-2.01305
-2.01354
-2.01142
-2.01059
-2.01075
-2.01045
-2.01053
-2.00913
-2.00635
-2.00586
-2.00541
-2.00489
-2.00513
-2.00633
-2.0066
-2.0067
-2.0054
-2.00552
-2.00536
-2.00422
-2.00418
-2.00318
-2.00286
-2.0026
-2.00174
-2.00349
-2.00362
-2.00277
-2.0035
-2.00391
-2.0038
-2.00436
-2.00307
-2.00333
-2.0038
-2.00366
-2.00371
-2.00476
-2.00388
-2.00562
-2.00654
-2.00768
-2.00808
-2.00867
-2.00889
-2.00978
-2.01021
-2.00968
-2.0106
-2.01234
-2.0142
-2.01499
-2.01518
-2.01599
-2.01544
-2.01482
-2.01493
-2.01399
-2.0136
-2.01301
-2.01328
-2.01302
-2.01283
-2.01245
-2.01289
-2.01274
-2.01136
-2.01135
-2.0117
-2.01028
-2.01033
-2.01079
-2.01255
-2.01287
-2.01213
-2.01362
-2.01302
-2.01372
-2.01451
-2.01422
-2.01454
-2.01311
-2.01309
-2.01341
-2.01249
-2.01289
-2.01395
-2.01362
-2.01203
-2.01177
-2.01179
-2.01
-2.01044
-2.01076
-2.01158
-2.01198
-2.01185
-2.01123
-2.01114
-2.01051
-2.01047
-2.01028
-2.01112
-2.0113
-2.01114
-2.0115
-2.01167
-2.01238
-2.01351
-2.01372
-2.0135
-2.0144
-2.01325
-2.01324
-2.01297
-2.01221
-2.01307
-2.01302
-2.01333
-2.01426
-2.01482
-2.01445
-2.01481
-2.01502
-2.01588
-2.01523
-2.01505
-2.01551
-2.01392
-2.01265
-2.01262
-2.01235
-2.0125
-2.01278
-2.01182
-2.01206
-2.01192
-2.01081
-2.01033
-2.00898
-2.0081
-2.00704
-2.00709
-2.00715
-2.00728
-2.00596
-2.00643
-2.00592
-2.00503
-2.00422
-2.00325
-2.00212
-2.00246
-2.00113
-2.0015
-2.00174
-2.00193
-2.00296
-2.00428
-2.00521
-2.00557
-2.00541
-2.0049
-2.00451
-2.00412
-2.00335
-2.00289
-2.00313
-2.00182
-2.00108
-2.00013
-1.99996
-1.99847
-1.99795
-1.99816
-1.99793
-1.99927
-1.99863
-1.99988
-2.0006
-2.00119
-2.00167
-2.002
-2.00262
-2.00325
-2.00287
-2.0042
-2.00428
-2.00588
-2.00645
-2.00656
-2.0074
-2.00842
-2.00742
-2.00788
-2.00734
-2.00754
-2.0062
-2.00594
-2.00553
-2.00545
-2.00674
-2.00685
-2.00766
-2.00705
-2.00747
-2.0072
-2.00769
-2.00844
-2.01006
-2.01005
-2.0083
-2.00939
-2.00863
-2.00962
-2.01079
-2.01092
-2.01113
-2.01099
-2.01083
-2.01111
-2.01133
-2.01194
-2.01238
-2.01369
-2.01315
-2.01308
-2.01394
-2.01337
-2.01396
-2.01319
-2.01266
-2.01257
-2.01331
-2.01401
-2.01393
-2.01408
-2.01405
-2.01513
-2.01481
-2.01467
-2.01548
-2.01575
-2.01619
-2.01677
-2.01742
-2.01589
-2.01677
-2.01787
-2.01736
-2.01791
-2.01884
-2.01782
-2.01883
-2.01907
-2.01955
-2.02038
-2.01973
-2.018
-2.01842
-2.01894
-2.01912
-2.01843
-2.01823
-2.01819
-2.01887
-2.01992
-2.0205
-2.02122
-2.02289
-2.02437
-2.0239
-2.02436
-2.02468
-2.02518
-2.02567
-2.02481
-2.02588
-2.02388
-2.0235
-2.02254
-2.02305
-2.02345
-2.02239
-2.02273
-2.02312
-2.02189
-2.02177
-2.0217
-2.02127
-2.02134
-2.02214
-2.02134
-2.02226
-2.02193
-2.02294
-2.02233
-2.0229
-2.02339
-2.0237
-2.02392
-2.02319
-2.02323
-2.02307
-2.02284
-2.02176
-2.02152
-2.02245
-2.0213
-2.01968
-2.01923
-2.02056
-2.02012
-2.01983
-2.01942
-2.01883
-2.01942
-2.0195
-2.01885
-2.01828
-2.01835
-2.01911
-2.0191
-2.01825
-2.01664
-2.01643
-2.01694
-2.01602
-2.01744
-2.01779
-2.01802
-2.01768
-2.01891
-2.01864
-2.01816
-2.01745
-2.01786
-2.01835
-2.01848
-2.01878
-2.01951
-2.01944
-2.01881
-2.01798
-2.01787
-2.01726
-2.01767
-2.01767
-2.01755
-2.01797
-2.01814
-2.01885
-2.01844
-2.01824
-2.0179
-2.01748
-2.01721
-2.01704
-2.01891
-2.01946
-2.01971
-2.01931
-2.01981
-2.02018
-2.02129
-2.02094
-2.02106
-2.02114
-2.02183
-2.02053
-2.02013
-2.01978
-2.01977
-2.02077
-2.02002
-2.01896
-2.01881
-2.01817
-2.01841
-2.01892
-2.01897
-2.01996
-2.01918
-2.0197
-2.0187
-2.01905
-2.01949
-2.02006
-2.02002
-2.02028
-2.01921
-2.01939
-2.01918
-2.01886
-2.01782
-2.01774
-2.01743
-2.01703
-2.01798
-2.01767
-2.01657
-2.01582
-2.01589
-2.01562
-2.01615
-2.01646
-2.01713
-2.01587
-2.01551
-2.0173
-2.01851
-2.01759
-2.01736
-2.01863
-2.01833
-2.01852
-2.01773
-2.0185
-2.01931
-2.02014
-2.02
-2.01935
-2.0198
-2.02167
-2.02133
-2.02191
-2.02237
-2.02287
-2.02225
-2.02353
-2.02461
-2.02462
-2.02438
-2.02449
-2.02559
-2.02572
-2.02597
-2.0265
-2.02598
-2.02661
-2.02628
-2.02651
-2.02768
-2.02852
-2.02843
-2.02943
-2.03016
-2.03016
-2.0299
-2.0297
-2.02948
-2.02878
-2.03012
-2.0305
-2.03107
-2.03301
-2.03285
-2.03207
-2.03136
-2.02951
-2.02807
-2.02826
-2.02909
-2.02912
-2.02737
-2.02714
-2.02704
-2.02767
-2.027
-2.02703
-2.02758
-2.02854
-2.02856
-2.02733
-2.02843
-2.02897
-2.02984
-2.03068
-2.03081
-2.03076
-2.03102
-2.03065
-2.03093
-2.03114
-2.03154
-2.03131
-2.03096
-2.03205
-2.03184
-2.03186
-2.03273
-2.03096
-2.03159
-2.03074
-2.03137
-2.03188
-2.0325
-2.03411
-2.03414
-2.03421
-2.03556
-2.037
-2.03663
-2.03764
-2.0386
-2.03718
-2.03555
-2.03614
-2.03606
-2.03479
-2.0347
-2.03621
-2.03686
-2.03575
-2.03584
-2.03488
-2.03474
-2.03418
-2.03431
-2.03453
-2.03246
-2.03381
-2.03271
-2.03229
-2.03271
-2.03423
-2.03396
-2.03412
-2.035
-2.03361
-2.0341
-2.03504
-2.03504
-2.03452
-2.03386
-2.03392
-2.03358
-2.03332
-2.03396
-2.03287
-2.03331
-2.03361
-2.03209
-2.03188
-2.03179
-2.0316
-2.03094
-2.03018
-2.02818
-2.02878
-2.0285
-2.02882
-2.02832
-2.02775
-2.0273
-2.02667
-2.02603
-2.02578
-2.0254
-2.02631
-2.02798
-2.0282
-2.02804
-2.02883
-2.03002
-2.0298
-2.03024
-2.02939
-2.03074
-2.03173
-2.03024
-2.02939
-2.02961
-2.03006
-2.02816
-2.02855
-2.02799
-2.02689
-2.02658
-2.02625
-2.0263
-2.02607
-2.02545
-2.02493
-2.02451
-2.02401
-2.02393
-2.02248
-2.02261
-2.02394
-2.02444
-2.02559
-2.02505
-2.02547
-2.02635
-2.02514
-2.02485
-2.02377
-2.02275
-2.02388
-2.02289
-2.02242
-2.0223
-2.02233
-2.02097
-2.02247
-2.02331
-2.02402
-2.02471
-2.0246
-2.02491
-2.02524
-2.02524
-2.02458
-2.02471
-2.0267
-2.02554
-2.02621
-2.02614
-2.02582
-2.02669
-2.02616
-2.0268
-2.02704
-2.02809
-2.02703
-2.02651
-2.02658
-2.02449
-2.02449
-2.02387
-2.02376
-2.02426
-2.02452
-2.0236
-2.02432
-2.02597
-2.02552
-2.02583
-2.02755
-2.02575
-2.0256
-2.02666
-2.02653
-2.02625
-2.02627
-2.0265
-2.02638
-2.02819
-2.02714
-2.02757
-2.02746
-2.02758
-2.02688
-2.02656
-2.02543
-2.02491
-2.02464
-2.02461
-2.02424
-2.02293
-2.02253
-2.02287
-2.02215
-2.02184
-2.02179
-2.02195
-2.02096
-2.0202
-2.01901
-2.02034
-2.02062
-2.02035
-2.02073
-2.02227
-2.02142
-2.02187
-2.0216
-2.02232
-2.02172
-2.02161
-2.02189
-2.02289
-2.02288
-2.02259
-2.02266
-2.02162
-2.02162
-2.02144
-2.02008
-2.01989
-2.02007
-2.02028
-2.02025
-2.01891
-2.01984
-2.02046
-2.02059
-2.02111
-2.02154
-2.02167
-2.02248
-2.02233
-2.02202
-2.02274
-2.023
-2.02329
-2.02414
-2.02313
-2.02525
-2.02511
-2.0242
-2.02391
-2.02421
-2.02577
-2.0242
-2.02562
-2.02502
-2.0249
-2.0254
-2.02578
-2.02578
-2.0249
-2.02326
-2.02212
-2.02237
-2.02261
-2.02086
-2.02127
-2.02007
-2.01896
-2.01881
-2.01774
-2.0182
-2.01912
-2.01804
-2.0167
-2.01647
-2.01556
-2.01465
-2.01499
-2.01484
-2.01435
-2.01478
-2.01567
-2.01599
-2.01573
-2.01705
-2.01758
-2.01878
-2.01763
-2.01755
-2.01849
-2.01976
-2.01941
-2.02003
-2.02131
-2.02293
-2.024
-2.0229
-2.02338
-2.02347
-2.02246
-2.02316
-2.02388
-2.02483
-2.02474
-2.02519
-2.02519
-2.02596
-2.02387
-2.02336
-2.02245
-2.02201
-2.02274
-2.02295
-2.02306
-2.02431
-2.02535
-2.02554
-2.0259
-2.02518
-2.02507
-2.02557
-2.02609
-2.02595
-2.02602
-2.0275
-2.02742
-2.0272
-2.02591
-2.02512
-2.02534
-2.02544
-2.02602
-2.02484
-2.02466
-2.02338
-2.02331
-2.02378
-2.02454
-2.02299
-2.02418
-2.02364
-2.02319
-2.02317
-2.02298
-2.0217
-2.02263
-2.02091
-2.0208
-2.02128
-2.02124
-2.02175
-2.02057
-2.02046
-2.02062
-2.01876
-2.01763
-2.01671
-2.01783
-2.01715
-2.01817
-2.01889
-2.01862
-2.01804
-2.01853
-2.01976
-2.02085
-2.02184
-2.02177
-2.02222
-2.02234
-2.02192
-2.02266
-2.0239
-2.02472
-2.0245
-2.02661
-2.0265
-2.02722
-2.02742
-2.02684
-2.02574
-2.02503
-2.02447
-2.02488
-2.02473
-2.02335
-2.0234
-2.02421
-2.02444
-2.02426
-2.02366
-2.02549
-2.02616
-2.02623
-2.02577
-2.02518
-2.02715
-2.02601
-2.02542
-2.02589
-2.02493
-2.02304
-2.02182
-2.02173
-2.02126
-2.02013
-2.01931
-2.02068
-2.02166
-2.02319
-2.02279
-2.02297
-2.02225
-2.022
-2.02106
-2.02067
-2.02143
-2.02106
-2.02177
-2.02244
-2.02254
-2.02283
-2.02236
-2.02276
-2.02144
-2.02056
-2.02091
-2.02209
-2.02314
-2.02305
-2.02294
-2.02204
-2.02294
-2.02173
-2.02321
-2.02294
-2.02173
-2.02187
-2.02343
-2.02213
-2.02238
-2.02357
-2.0246
-2.02473
-2.02484
-2.02371
-2.02334
-2.0235
-2.02323
-2.02465
-2.02428
-2.02378
-2.0241
-2.02405
-2.02617
-2.02672
-2.02753
-2.02757
-2.02673
-2.0261
-2.02612
-2.02623
-2.02725
-2.027
-2.02674
-2.02745
-2.02814
-2.02865
-2.02875
-2.02964
-2.02939
-2.02891
-2.02806
-2.02689
-2.02714
-2.0248
-2.02467
-2.02507
-2.02409
-2.0255
-2.02581
-2.02607
-2.02694
-2.02673
-2.02565
-2.02537
-2.02573
-2.02595
-2.02526
-2.02518
-2.02601
-2.02518
-2.02388
-2.02434
-2.02499
-2.02483
-2.02523
-2.02575
-2.02606
-2.02578
-2.02696
-2.02905
-2.03098
-2.03052
-2.03028
-2.03134
-2.03163
-2.03143
-2.03105
-2.03013
-2.03098
-2.03105
-2.03182
-2.03242
-2.03212
-2.03086
-2.0305
-2.03035
-2.02962
-2.02936
-2.02889
-2.02923
-2.02925
-2.02952
-2.02865
-2.02981
-2.02937
-2.02897
-2.02941
-2.0287
-2.02857
-2.02994
-2.02937
-2.03066
-2.0309
-2.03102
-2.03075
-2.03124
-2.03049
-2.03162
-2.03121
-2.03125
-2.03058
-2.03201
-2.03234
-2.03421
-2.03529
-2.03575
-2.03718
-2.03761
-2.03745
-2.03774
-2.03754
-2.03777
-2.03742
-2.03695
-2.03618
-2.0345
-2.03522
-2.03453
-2.03488
-2.03498
-2.0341
-2.03409
-2.03376
-2.03289
-2.03188
-2.03172
-2.03077
-2.03037
-2.0305
-2.02996
-2.0308
-2.03024
-2.03065
-2.0311
-2.03153
-2.0322
-2.0341
-2.03286
-2.0337
-2.0337
-2.03258
-2.03204
-2.03144
-2.03197
-2.03266
-2.03285
-2.03252
-2.03177
-2.03118
-2.03089
-2.03054
-2.02916
-2.02658
-2.02589
-2.02527
-2.0246
-2.02449
-2.02444
-2.02432
-2.02378
-2.02202
-2.02145
-2.02241
-2.02285
-2.0244
-2.02419
-2.024
-2.02338
-2.02357
-2.02337
-2.02367
-2.02227
-2.022
-2.02136
-2.02184
-2.02217
-2.02256
-2.02232
-2.02261
-2.02246
-2.02393
-2.02394
-2.02471
-2.02409
-2.02406
-2.02425
-2.02323
-2.02487
-2.02557
-2.02479
-2.02514
-2.02482
-2.02394
-2.02309
-2.02247
-2.02155
-2.02188
-2.02129
-2.02183
-2.02042
-2.01935
-2.01803
-2.01774
-2.01701
-2.01609
-2.01548
-2.01436
-2.01411
-2.01487
-2.01539
-2.0162
-2.01604
-2.01601
-2.01768
-2.0186
-2.01918
-2.01986
-2.02155
-2.02161
-2.02205
-2.02327
-2.0234
-2.02385
-2.02324
-2.02458
-2.02422
-2.02435
-2.02435
-2.02385
-2.02389
-2.0234
-2.02459
-2.02475
-2.02411
-2.02429
-2.02354
-2.02192
-2.02276
-2.02205
-2.02233
-2.02355
-2.02296
-2.02411
-2.0242
-2.02332
-2.02323
-2.02368
-2.02354
-2.02371
-2.02296
-2.02478
-2.02549
-2.02779
-2.02752
-2.0266
-2.02794
-2.02745
-2.02672
-2.0258
-2.0252
-2.02581
-2.02716
-2.02788
-2.02846
-2.02749
-2.02718
-2.02822
-2.03023
-2.02879
-2.02952
-2.02955
-2.03137
-2.03283
-2.0335
-2.03338
-2.03366
-2.03383
-2.03428
-2.03396
-2.03342
-2.03237
-2.03271
-2.03299
-2.0326
-2.03289
-2.03305
-2.03394
-2.03358
-2.0338
-2.03392
-2.03371
-2.03429
-2.03482
-2.03576
-2.03658
-2.03751
-2.03741
-2.03859
-2.03849
-2.03893
-2.04034
-2.03957
-2.03804
-2.03801
-2.03858
-2.03826
-2.03857
-2.0374
-2.03764
-2.03769
-2.03757
-2.0361
-2.03463
-2.03529
-2.03457
-2.03473
-2.03472
-2.03297
-2.03199
-2.03196
-2.03128
-2.03013
-2.03072
-2.03124
-2.03015
-2.03061
-2.0312
-2.03107
-2.03121
-2.03188
-2.03142
-2.03092
-2.02974
-2.0316
-2.03113
-2.03048
-2.03038
-2.03001
-2.03011
-2.02961
-2.02838
-2.02978
-2.02953
-2.02809
-2.02792
-2.02699
-2.02651
-2.02682
-2.02611
-2.02676
-2.02532
-2.02526
-2.0255
-2.02745
-2.0278
-2.02767
-2.02851
-2.03022
-2.03029
-2.03048
-2.03027
-2.02864
-2.02762
-2.02614
-2.02572
-2.02517
-2.02457
-2.02297
-2.0235
-2.02173
-2.02092
-2.01939
-2.01891
-2.01876
-2.01797
-2.01773
-2.01746
-2.01702
-2.01802
-2.01905
-2.01926
-2.01946
-2.01853
-2.0184
-2.0183
-2.01833
-2.01817
-2.01759
-2.01707
-2.018
-2.01867
-2.01853
-2.0189
-2.01915
-2.01833
-2.01719
-2.01691
-2.01452
-2.01426
-2.01376
-2.01361
-2.01519
-2.01624
-2.01664
-2.01533
-2.01647
-2.01622
-2.01614
-2.01495
-2.01451
-2.01449
-2.01565
-2.01746
-2.01542
-2.01616
-2.01629
-2.01475
-2.01622
-2.01767
-2.01857
-2.01694
-2.01705
-2.01624
-2.01675
-2.01666
-2.01701
-2.01691
-2.01576
-2.01574
-2.01536
-2.01546
-2.01567
-2.01574
-2.01495
-2.01356
-2.01437
-2.01553
-2.01512
-2.01499
-2.01442
-2.01405
-2.01272
-2.01325
-2.01582
-2.01425
-2.01478
-2.01553
-2.01443
-2.01469
-2.01568
-2.01651
-2.01775
-2.01768
-2.01557
-2.01656
-2.01656
-2.0169
-2.01603
-2.01584
-2.01552
-2.0155
-2.0169
-2.01692
-2.01806
-2.01697
-2.01859
-2.01863
-2.01985
-2.02023
-2.02134
-2.02154
-2.02227
-2.02272
-2.02387
-2.02305
-2.02254
-2.02268
-2.02226
-2.02114
-2.0202
-2.02066
-2.02174
-2.02197
-2.02284
-2.02283
-2.02226
-2.02209
-2.02385
-2.02343
-2.02323
-2.02262
-2.02236
-2.02133
-2.02043
-2.0207
-2.02093
-2.02094
-2.02245
-2.02298
-2.02441
-2.02381
-2.02211
-2.02144
-2.02028
-2.02191
-2.01989
-2.01924
-2.01828
-2.01947
-2.01901
-2.01865
-2.01865
-2.01832
-2.0171
-2.01594
-2.01703
-2.01868
-2.01745
-2.01595
-2.0152
-2.01701
-2.01774
-2.01812
-2.01746
-2.01847
-2.01913
-2.01882
-2.02066
-2.02105
-2.02153
-2.02202
-2.02209
-2.02176
-2.02225
-2.02291
-2.02234
-2.02067
-2.02102
-2.01977
-2.01979
-2.02062
-2.02065
-2.02086
-2.0201
-2.02107
-2.02094
-2.02073
-2.02279
-2.02245
-2.02176
-2.02102
-2.01956
-2.01846
-2.02018
-2.0191
-2.01794
-2.01681
-2.01741
-2.01778
-2.01826
-2.01803
-2.01716
-2.01761
-2.01645
-2.01713
-2.01682
-2.01775
-2.01716
-2.01708
-2.01734
-2.01702
-2.01605
-2.01599
-2.01533
-2.01611
-2.0163
-2.01601
-2.01694
-2.01768
-2.01775
-2.01629
-2.01531
-2.01597
-2.01464
-2.01435
-2.01464
-2.01571
-2.01365
-2.0138
-2.01299
-2.01414
-2.01367
-2.01362
-2.0152
-2.01637
-2.01579
-2.01589
-2.01673
-2.01645
-2.01629
-2.01579
-2.0172
-2.01824
-2.02021
-2.02014
-2.02074
-2.0206
-2.02188
-2.02122
-2.02204
-2.0212
-2.0214
-2.02099
-2.02222
-2.02305
-2.02165
-2.02162
-2.02193
-2.02202
-2.02189
-2.02104
-2.0204
-2.02065
-2.01963
-2.01886
-2.01789
-2.01886
-2.0177
-2.01744
-2.01697
-2.01633
-2.01669
-2.017
-2.01526
-2.01606
-2.01605
-2.01693
-2.01712
-2.0176
-2.0182
-2.01867
-2.0193
-2.01895
-2.0177
-2.01698
-2.0178
-2.01883
-2.01734
-2.0176
-2.01784
-2.01693
-2.01733
-2.0181
-2.0168
-2.01763
-2.01863
-2.02027
-2.01929
-2.02001
-2.01894
-2.02026
-2.02059
-2.02053
-2.02095
-2.02149
-2.02041
-2.01836
-2.01791
-2.01762
-2.0173
-2.01694
-2.01779
-2.01698
-2.01709
-2.0177
-2.0187
-2.01821
-2.01867
-2.01886
-2.01923
-2.02023
-2.02139
-2.02238
-2.02405
-2.02412
-2.0243
-2.02264
-2.02336
-2.02365
-2.02396
-2.02209
-2.02127
-2.02138
-2.01977
-2.01974
-2.0199
-2.01973
-2.01824
-2.01858
-2.01794
-2.01834
-2.0181
-2.01821
-2.01703
-2.01624
-2.01797
-2.0183
-2.01925
-2.01946
-2.01846
-2.01867
-2.01903
-2.01957
-2.02045
-2.02116
-2.02197
-2.0212
-2.02128
-2.02172
-2.02123
-2.02165
-2.02222
-2.02149
-2.02324
-2.02308
-2.02374
-2.02287
-2.02327
-2.02376
-2.02365
-2.02409
-2.02351
-2.02356
-2.02454
-2.02557
-2.02528
-2.02481
-2.02518
-2.02594
-2.02577
-2.02423
-2.02437
-2.02512
-2.02664
-2.0273
-2.02707
-2.02638
-2.02636
-2.02732
-2.02608
-2.02823
-2.02858
-2.02861
-2.02987
-2.0299
-2.02972
-2.02806
-2.02833
-2.02778
-2.02791
-2.02664
-2.02692
-2.02576
-2.02542
-2.02429
-2.02479
-2.02606
-2.02586
-2.02682
-2.02749
-2.02738
-2.02737
-2.02698
-2.02712
-2.02707
-2.02613
-2.02578
-2.02565
-2.02513
-2.02523
-2.02527
-2.02322
-2.02207
-2.02285
-2.02373
-2.0222
-2.02286
-2.02233
-2.02245
-2.0226
-2.02383
-2.02399
-2.02356
-2.02459
-2.02283
-2.02438
-2.02411
-2.02469
-2.02365
-2.02328
-2.02292
-2.02257
-2.02103
-2.02223
-2.02233
-2.02089
-2.02095
-2.02114
-2.02197
-2.02343
-2.02363
-2.02165
-2.02083
-2.02097
-2.02068
-2.02004
-2.01979
-2.02034
-2.01989
-2.02019
-2.02069
-2.02088
-2.02067
-2.02007
-2.02073
-2.01957
-2.01851
-2.01895
-2.01942
-2.01973
-2.02003
-2.0199
-2.02016
-2.01993
-2.01926
-2.01941
-2.02103
-2.01967
-2.01978
-2.02014
-2.01989
-2.02022
-2.01881
-2.01873
-2.01944
-2.01923
-2.01887
-2.01924
-2.01886
-2.02022
-2.01959
-2.01894
-2.01734
-2.01698
-2.01618
-2.01707
-2.01711
-2.01764
-2.01849
-2.0194
-2.0199
-2.01993
-2.02065
-2.02123
-2.02258
-2.02287
-2.02211
-2.0224
-2.02236
-2.02189
-2.02342
-2.02342
-2.02513
-2.02469
-2.02486
-2.02489
-2.02531
-2.02412
-2.02571
-2.02583
-2.02631
-2.02756
-2.02742
-2.02672
-2.02614
-2.02732
-2.02727
-2.02737
-2.02683
-2.0267
-2.02594
-2.02598
-2.0269
-2.02677
-2.02861
-2.02808
-2.02887
-2.02879
-2.02922
-2.02991
-2.03016
-2.0299
-2.03058
-2.02973
-2.03049
-2.03144
-2.03216
-2.03089
-2.02916
-2.02804
-2.02763
-2.02862
-2.02906
-2.02929
-2.02899
-2.02968
-2.02932
-2.0284
-2.029
-2.03011
-2.02879
-2.02803
-2.02864
-2.02858
-2.02812
-2.02927
-2.03079
-2.03033
-2.02889
-2.02812
-2.02773
-2.02789
-2.02799
-2.02771
-2.02782
-2.02876
-2.02766
-2.02879
-2.02857
-2.029
-2.03013
-2.03048
-2.03165
-2.03062
-2.02851
-2.02828
-2.02866
-2.0291
-2.02854
-2.02729
-2.0271
-2.02686
-2.02831
-2.02858
-2.0298
-2.02881
-2.02943
-2.03016
-2.02995
-2.02983
-2.03061
-2.03002
-2.03004
-2.02835
-2.02773
-2.02671
-2.02742
-2.0276
-2.02751
-2.02775
-2.02784
-2.02825
-2.02724
-2.02794
-2.02825
-2.02812
-2.0293
-2.02887
-2.02673
-2.02586
-2.02551
-2.02501
-2.02506
-2.02464
-2.02412
-2.02427
-2.02376
-2.02334
-2.02399
-2.02429
-2.02448
-2.02564
-2.02543
-2.02526
-2.02437
-2.02389
-2.02333
-2.02356
-2.0252
-2.02515
-2.02524
-2.02644
-2.0273
-2.02765
-2.02662
-2.02572
-2.02563
-2.02567
-2.02591
-2.02514
-2.02576
-2.02547
-2.02454
-2.02453
-2.02401
-2.02354
-2.02455
-2.02476
-2.02458
-2.02306
-2.02313
-2.02361
-2.02392
-2.02449
-2.02338
-2.02351
-2.02327
-2.02347
-2.02508
-2.02536
-2.02537
-2.02592
-2.02625
-2.02648
-2.02586
-2.02539
-2.02516
-2.02501
-2.02589
-2.02491
-2.02466
-2.02416
-2.02307
-2.02368
-2.02492
-2.02413
-2.02417
-2.02548
-2.02587
-2.02638
-2.02625
-2.02583
-2.02644
-2.02447
-2.02376
-2.02431
-2.02504
-2.0238
-2.02285
-2.02321
-2.02327
-2.02259
-2.02243
-2.02361
-2.02503
-2.02629
-2.02607
-2.02571
-2.02636
-2.02678
-2.02598
-2.02515
-2.0252
-2.02497
-2.02416
-2.02538
-2.02557
-2.02586
-2.0264
-2.02673
-2.02583
-2.02579
-2.02571
-2.02572
-2.02579
-2.02486
-2.02514
-2.02589
-2.02459
-2.02396
-2.02361
-2.02385
-2.02452
-2.02414
-2.02442
-2.02509
-2.02507
-2.02444
-2.02276
-2.02346
-2.02259
-2.02158
-2.02131
-2.02075
-2.02122
-2.02139
-2.01977
-2.02021
-2.02008
-2.02137
-2.0215
-2.02187
-2.02382
-2.02372
-2.02357
-2.02378
-2.02427
-2.02522
-2.02615
-2.02632
-2.02684
-2.02662
-2.02698
-2.02638
-2.0282
-2.0275
-2.02753
-2.02756
-2.02604
-2.02616
-2.02641
-2.02672
-2.02671
-2.02687
-2.02627
-2.02473
-2.02566
-2.02537
-2.02521
-2.02598
-2.02551
-2.02624
-2.02636
-2.02758
-2.0289
-2.02914
-2.02725
-2.02492
-2.02504
-2.02635
-2.02646
-2.02727
-2.02648
-2.02822
-2.02808
-2.02781
-2.02595
-2.02631
-2.02682
-2.02665
-2.02476
-2.02549
-2.02634
-2.02582
-2.02463
-2.02419
-2.02399
-2.02477
-2.02368
-2.02237
