-2.0576
-2.08938
-2.11437
-2.00526
-1.98306
-1.96111
-2.07463
-1.96545
-1.97606
-1.89881
-2.08548
-2.00148
-2.01851
-1.97765
-1.9872
-2.01349
-2.07521
-1.91253
-2.06268
-1.97922
-2.01903
-2.08528
-2.05341
-2.02687
-1.98979
-2.15312
-2.04297
-1.94693
-2.0059
-1.98406
-2.06372
-1.99499
-1.94806
-2.11429
-1.96742
-2.01201
-2.01489
-2.09394
-2.08971
-1.93153
-2.0275
-1.97931
-1.98467
-1.92782
-2.07099
-2.03108
-1.96206
-1.9654
-1.93904
-2.02204
-1.96297
-2.01268
-2.057
-2.03826
-2.1458
-2.06165
-1.9914
-2.01944
-1.99485
-2.01643
-2.01469
-1.94627
-2.04794
-1.99547
-2.04227
-2.04336
-1.95217
-1.96328
-2.00879
-1.87851
-2.07187
-2.0135
-2.08157
-2.02761
-1.95428
-1.96586
-2.1461
-2.06523
-2.03787
-1.96088
-2.10625
-1.98639
-1.91683
-1.97993
-1.93643
-2.02728
-1.97666
-1.97038
-1.96046
-1.93351
-1.97345
-2.03657
-1.88739
-2.13504
-2.10547
-1.94664
-1.95645
-1.96275
-2.07324
-1.90999
-2.10983
-2.01436
-2.06555
-1.92458
-2.07886
-1.94526
-2.03054
-1.99619
-2.01535
-2.02315
-1.96803
-1.94499
-1.97148
-1.96486
-2.06859
-2.04987
-1.94172
-1.93749
-1.92482
-2.01776
-1.92069
-2.05863
-2.03248
-1.99011
-2.03374
-1.99447
-2.0225
-1.95949
-1.95805
-1.89317
-2.02832
-1.99663
-2.00853
-1.98996
-1.91646
-1.93162
-2.03641
-2.07583
-2.01818
-2.07305
-1.9258
-2.02768
-2.02245
-2.07047
-2.01143
-1.97847
-1.99995
-1.87545
-1.90731
-2.042
-2.04102
-2.14719
-1.95784
-1.95865
-1.97163
-2.04928
-1.97767
-2.12489
-1.97672
-2.05785
-2.05389
-1.92892
-1.92797
-1.98429
-2.01092
-1.98636
-2.08571
-2.03027
-2.02378
-2.08588
-2.00825
-1.96651
-2.03818
-2.05517
-1.95781
-1.93241
-1.97466
-1.92505
-1.92444
-2.03291
-2.00543
-1.97955
-1.97723
-2.01419
-1.98942
-2.00619
-2.08125
-2.01122
-1.94332
-2.06815
-1.87864
-1.95967
-2.04066
-2.03679
-2.0235
-1.91389
-2.01114
-2.11749
-1.88507
-1.89092
-2.04584
-2.076
-1.95338
-1.97439
-2.01938
-1.98255
-1.9144
-2.06877
-1.95477
-1.91944
-2.00321
-2.00976
-2.01848
-1.97266
-2.06114
-1.99382
-2.01739
-1.95582
-2.01736
-1.9818
-1.9229
-2.06655
-2.03404
-1.98722
-2.05932
-1.95248
-2.02282
-2.12144
-2.01105
-1.95279
-1.97397
-1.93331
-1.9724
-1.93729
-2.02103
-1.93005
-2.073
-2.00393
-1.95332
-1.92129
-1.86171
-1.98748
-2.01931
-2.12824
-1.96825
-1.93842
-1.94655
-1.97523
-2.06092
-2.06281
-2.10194
-1.96647
-1.95925
-1.99495
-2.04474
-2.0731
-1.98201
-2.09318
-1.9296
-1.90174
-1.96058
-2.08974
-1.89453
-1.93885
-2.02141
-2.00401
-2.04518
-2.17215
-2.01391
-1.93869
-1.99546
-2.042
-1.96188
-2.06381
-2.01831
-2.0853
-1.94256
-1.93445
-1.95468
-2.00539
-2.11926
-2.09831
-2.0206
-2.03249
-1.97077
-2.02716
-2.02519
-1.99335
-2.04957
-2.06721
-1.95377
-2.04376
-1.94921
-2.0741
-2.08697
-2.08737
-1.92938
-1.98344
-2.05723
-2.01776
-1.9846
-1.95566
-1.99397
-2.01825
-2.13236
-2.01451
-2.13509
-2.00917
-2.04708
-2.10008
-1.94759
-2.02914
-2.05598
-2.10933
-2.00902
-2.09179
-1.98903
-1.93342
-1.97276
-1.95128
-2.02448
-1.96846
-2.02429
-1.92652
-2.0106
-2.07564
-1.91116
-2.15223
-2.01507
-2.01243
-2.02481
-2.01931
-1.99962
-2.19341
-1.97368
-2.01239
-2.01725
-2.00344
-1.98435
-1.95996
-2.03133
-2.05162
-1.98836
-2.01308
-2.03777
-2.00354
-2.08768
-1.97858
-1.9989
-2.02117
-1.91544
-2.00705
-2.05077
-2.09432
-2.02076
-2.04664
-2.02526
-2.05773
-1.96311
-2.00116
-2.05536
-1.9403
-2.03699
-2.05702
-1.95441
-2.02576
-1.93767
-1.98095
-1.96071
-1.94852
-1.99029
-2.03921
-2.07442
-2.00426
-1.94085
-1.90553
-1.97044
-1.99992
-2.00995
-2.0157
-2.00198
-1.96062
-2.09054
-2.00204
-1.99656
-2.00335
-2.0869
-2.0822
-2.05511
-2.0028
-2.08267
-2.10056
-1.96134
-2.01705
-2.15408
-2.06753
-1.99162
-1.95937
-1.97215
-1.9912
-1.92242
-1.99481
-1.97342
-1.96494
-2.00008
-1.97082
-2.04533
-1.97811
-1.99076
-2.06392
-2.0075
-1.88866
-2.0292
-2.06626
-2.00806
-2.05265
-2.08281
-1.92268
-2.07161
-1.93904
-1.96993
-2.05178
-2.1565
-1.98096
-2.06704
-2.00453
-1.96008
-1.93995
-1.93269
-2.02842
-1.99431
-2.02764
-1.85909
-1.91603
-1.92461
-1.96665
-1.96599
-2.02732
-2.10369
-1.98783
-2.04078
-1.92162
-2.00024
-1.99687
-1.92435
-1.99993
-1.98697
-1.947
-1.97301
-1.93529
-2.09028
-2.01969
-1.96635
-2.16691
-2.06124
-2.03578
-2.08182
-1.92874
-1.98902
-2.04824
-2.04105
-1.94541
-2.14167
-1.96946
-2.12823
-2.11813
-2.0511
-2.02073
-2.02008
-1.97068
-2.07946
-2.08198
-2.02092
-2.09683
-2.11465
-2.09181
-2.04896
-2.01904
-2.09105
-1.96053
-1.9403
-1.97205
-1.99658
-1.96242
-1.93734
-2.03076
-2.06052
-2.06393
-2.01642
-2.04755
-2.06767
-1.96178
-1.96085
-2.05212
-2.01227
-2.07191
-2.03772
-2.13591
-2.0032
-1.9179
-2.07119
-1.93517
-2.04316
-2.04383
-1.97099
-2.0034
-1.90218
-1.97619
-2.02256
-1.97205
-2.04709
-1.99429
-1.99621
-1.90756
-1.98238
-2.05394
-1.9039
-1.96751
-2.10269
-2.02169
-2.01002
-2.03853
-2.09423
-1.97233
-2.0036
-2.00068
-1.94103
-2.024
-1.95117
-2.0126
-2.02968
-2.04523
-1.93
-2.02833
-1.94613
-1.94449
-2.05565
-1.91292
-2.10284
-1.96007
-1.96474
-2.00826
-1.99547
-2.02736
-2.01772
-2.05547
-1.95043
-1.98258
-1.99446
-2.02056
-2.02571
-2.00207
-2.0115
-2.00829
-1.9345
-2.0322
-2.05564
-1.94284
-2.01719
-1.95219
-2.06497
-1.93157
-2.03127
-1.92111
-1.99307
-2.03001
-1.94504
-2.02585
-2.02608
-1.9836
-1.94765
-2.1287
-1.96999
-2.00847
-2.03323
-1.9948
-1.93564
-2.05322
-1.95838
-1.9972
-1.96439
-1.99122
-2.09933
-2.09443
-2.03072
-2.06651
-2.04421
-2.01376
-1.97704
-2.00894
-1.99009
-1.91542
-1.98496
-1.92126
-1.9387
-1.97631
-2.0209
-1.98685
-1.95167
-1.93914
-2.04808
-2.06905
-1.97876
-2.16943
-2.04292
-2.06197
-1.95046
-2.00876
-2.08478
-2.03501
-2.00882
-2.12752
-2.00478
-2.0674
-2.03859
-2.06552
-1.98795
-2.0696
-2.00277
-2.06752
-1.95632
-2.05774
-1.96074
-1.946
-1.9628
-1.99249
-2.06978
-2.03591
-2.03201
-1.95163
-2.07086
-2.01838
-1.97902
-2.10392
-2.10738
-1.94406
-1.88082
-2.02124
-2.02692
-2.05981
-2.08151
-2.02114
-2.01608
-2.01337
-2.00211
-2.08296
-1.97316
-2.04309
-2.03878
-2.15168
-1.9711
-1.99495
-2.09766
-1.95208
-1.99346
-1.95524
-2.00187
-1.93365
-2.09154
-2.0226
-2.05685
-1.94619
-2.02854
-2.02949
-1.96053
-2.01645
-2.02546
-2.0528
-2.06999
-2.0423
-2.01218
-1.97601
-2.05782
-2.11807
-1.98224
-2.05046
-2.02824
-1.95186
-2.05888
-2.02139
-2.01212
-2.07417
-2.03453
-1.92166
-2.07257
-2.11817
-2.06208
-1.94462
-1.95704
-2.00551
-2.0577
-2.02101
-2.04294
-1.99343
-2.10532
-2.12412
-1.97439
-2.03296
-1.98339
-1.98877
-2.09745
-1.98284
-2.08623
-1.96886
-2.0053
-1.96563
-2.00192
-2.04829
-1.97876
-2.06891
-2.04811
-2.00449
-1.99281
-2.06032
-1.9955
-2.07295
-2.06766
-1.98964
-2.09478
-2.03416
-2.0575
-1.9971
-2.01702
-1.99596
-1.99357
-2.01383
-1.99727
-2.03992
-2.01541
-1.92866
-1.96373
-1.99427
-2.07162
-1.98908
-1.94496
-1.89903
-2.0144
-1.97754
-1.99696
-2.01955
-2.022
-2.08084
-2.02388
-1.94771
-1.94517
-2.09044
-2.04861
-2.0428
-1.95387
-1.99042
-1.94974
-2.04661
-2.00559
-2.09367
-2.02881
-1.97809
-1.96781
-2.05691
-2.06456
-1.9741
-1.98552
-1.98742
-2.07781
-2.04293
-1.99032
-2.089
-2.01856
-1.99021
-1.98696
-2.0313
-1.95093
-2.01672
-2.0579
-2.10646
-2.02393
-2.06787
-2.09873
-1.91099
-2.03859
-1.98816
-1.97002
-2.04635
-2.01838
-2.10799
-2.12777
-2.14338
-2.02193
-1.99461
-1.99418
-2.11598
-2.02333
-2.03238
-2.0514
-2.06198
-1.97533
-2.08503
-1.93851
-2.0326
-2.0829
-1.91374
-1.99205
-1.96769
-2.02232
-1.99276
-2.05641
-1.97056
-2.10113
-1.96946
-2.03094
-1.96913
-2.08281
-2.04846
-2.04966
-2.05716
-2.02155
-1.96506
-2.08569
-1.96899
-2.06292
-1.93059
-2.04905
-1.96639
-1.97684
-2.09048
-1.96333
-1.90328
-1.92232
-2.04689
-1.98858
-1.9812
-1.99561
-2.06117
-1.94559
-1.95287
-2.12349
-2.02018
-1.92226
-1.95502
-2.12352
-1.99014
-2.04068
-2.00218
-2.10013
-2.02937
-2.02803
-2.07621
-1.98381
-2.08785
-2.14048
-1.95723
-2.00725
-2.09282
-2.05515
-2.03194
-2.1566
-2.08673
-1.96863
-2.03228
-2.07582
-2.08372
-1.99931
-2.01225
-2.13106
-1.99044
-2.05326
-2.05646
-2.04112
-2.10704
-2.07158
-2.0217
-2.0508
-2.09009
-2.05826
-2.07978
-2.00426
-2.04642
-2.02803
-2.04507
-2.07698
-2.04511
-2.16344
-2.031
-1.93977
-2.0371
-1.9433
-1.99883
-2.04075
-2.07762
-1.99739
-1.94123
-2.00023
-2.02274
-2.11417
-1.99479
-1.9783
-2.14053
-2.03443
-2.03403
-1.96002
-2.02363
-2.04605
-2.05486
-2.10638
-2.00591
-2.05151
-1.99586
-2.0642
-1.99786
-2.05243
-2.00861
-2.06031
-2.01274
-2.15858
-2.03687
-2.02269
-2.05302
-1.90851
-2.03133
-1.9778
-1.99446
-2.0997
-2.0279
-2.13869
-2.09325
-1.96993
-2.03864
-2.06655
-2.0098
-2.08933
-2.07676
-1.85437
-1.89739
-2.00523
-1.94437
-1.99698
-2.01049
-2.0739
-2.01981
-2.01297
-1.99825
-1.94482
-1.9883
-2.04401
-2.04256
-2.05044
-1.86941
-2.11792
-1.97835
-2.09878
-1.99874
-2.15975
-2.06511
-2.07143
-2.1204
-2.01764
-2.13509
-2.06284
-2.03241
-2.02391
-2.01713
-2.00556
-1.97791
-2.1058
-2.05441
-1.94354
-2.10053
-2.07158
-1.95458
-2.05094
-2.01268
-2.03168
-2.02437
-1.98199
-1.88017
-2.06352
-2.01902
-2.05956
-1.99511
-2.02046
-2.0003
-2.1005
-1.96623
-1.91546
-1.999
-2.03401
-2.16613
-2.06217
-2.06191
-2.07687
-2.05948
-1.97858
-2.06713
-2.02853
-2.13004
-2.07762
-1.9909
-1.94961
-2.05587
-2.00541
-1.83392
-2.08473
-1.99854
-1.99651
-1.97459
-2.0193
-2.00053
-2.04142
-1.93512
-2.00138
-1.96589
-2.0102
-2.00495
-2.01398
-2.04961
-2.1558
-2.10318
-2.02302
-1.97744
-2.01978
-2.08272
-1.9785
-1.99879
-2.03077
-1.99107
-2.08318
-1.93929
-2.01971
-1.99817
-2.09232
-1.94046
-2.0042
-1.98216
-2.07541
-2.01414
-1.98557
-2.04187
-2.10674
-2.01936
-1.94678
-2.01142
-2.14453
-1.87195
-2.1107
-2.03609
-2.01793
-1.95655
-2.06451
-2.04297
-2.12246
-2.10419
-2.05301
-2.01391
-2.07844
-1.91119
-2.01783
-2.07327
-2.0509
-2.08327
-2.04905
-1.92572
-2.07694
-2.14325
-2.0613
-2.08463
-2.11603
-1.92031
-2.05628
-2.06138
-2.03782
-1.98412
-2.03394
-2.04706
-1.97025
-2.0609
-1.95849
-2.06268
-2.04834
-2.00732
-1.95065
-1.96808
-1.98717
-1.91458
-1.88872
-1.99508
-1.99737
-2.03504
-2.02216
-2.09577
-2.00544
-2.02809
-1.97338
-2.08386
-1.92914
-2.0537
-1.95919
-2.12387
-1.97774
-2.02836
-2.04386
-1.98716
-2.00036
-2.04293
-1.96977
-2.04636
-1.95992
-1.9894
-2.06967
-2.03491
-2.00017
-1.93664
-2.01794
-1.90032
-2.01444
-2.03147
-2.02016
-2.08403
-2.04047
-1.99827
-2.01769
-1.94852
-2.07147
-2.06065
-2.04321
-2.0437
-2.12625
-1.95238
-2.10054
-1.98292
-2.06139
-2.01216
-2.03022
-2.01104
-2.16071
-1.91367
-2.19705
-2.0277
-2.01626
-1.98971
-1.97719
-2.16726
-1.9873
-2.01401
-2.0512
-2.02387
-2.06783
-1.99428
-2.06525
-1.95481
-1.95846
-1.99045
-2.07706
-2.03871
-1.90288
-1.95286
-1.89758
-1.96195
-2.0364
-1.97637
-2.09504
-2.01696
-1.96964
-2.00867
-2.0382
-1.99374
-2.02534
-1.95442
-2.04074
-2.0126
-2.08051
-2.07346
-2.06571
-2.02111
-2.10299
-2.11292
-2.07856
-1.94858
-2.03968
-2.1019
-2.07681
-1.93329
-2.04911
-2.04268
-2.05105
-2.10161
-1.88802
-2.08272
-2.03078
-1.99518
-2.07528
-2.09992
-2.06864
-2.07447
-1.9744
-2.05416
-2.03598
-1.91447
-1.92657
-1.93827
-1.99955
-2.06003
-2.02119
-2.05367
-2.09507
-2.15032
-1.97955
-2.02475
-1.99739
-2.02465
-2.04943
-1.98926
-2.0043
-1.90724
-2.16238
-2.0232
-1.99837
-1.95525
-1.96084
-2.02015
-2.02802
-2.00655
-1.95375
-2.04221
-1.91485
-2.0374
-2.17311
-2.02808
-1.94546
-2.10257
-2.00684
-1.96693
-2.02866
-1.99191
-2.03279
-2.00702
-2.02517
-2.01644
-2.06451
-1.9853
-2.0281
-2.04926
-1.9764
-2.03027
-1.86511
-1.91025
-1.97637
-2.10641
-1.99721
-2.05695
-2.03027
-1.96327
-2.01866
-2.08791
-2.02641
-2.06154
-1.99649
-1.95508
-2.08157
-1.98846
-2.05256
-2.09126
-2.09362
-2.09011
-2.01709
-2.20466
-2.01363
-2.02678
-2.06046
-1.95488
-1.97016
-2.00231
-2.00975
-2.063
-2.08766
-1.97498
-2.08367
-2.02927
-2.0629
-2.08361
-2.01722
-2.11607
-2.11577
-2.04981
-2.00471
-2.04281
-2.0848
-1.96962
-1.97165
-2.04238
-1.9791
-1.91044
-1.94692
-2.06568
-1.92718
-1.94143
-1.95404
-2.05096
-2.02448
-2.09137
-1.95991
-2.07729
-1.94931
-2.02859
-2.00099
-2.11189
-2.05586
-1.98707
-2.06832
-2.09159
-2.05956
-2.01887
-1.95729
-1.9473
-2.03034
-1.93534
-2.03311
-2.07337
-2.0657
-2.01139
-2.01673
-1.91623
-2.04374
-1.92155
-2.06294
-2.01018
-2.05199
-2.04186
-2.1022
-1.97213
-2.03196
-2.08623
-2.13101
-2.0055
-2.04378
-1.89361
-1.9886
-2.0324
-2.03756
-2.1267
-1.99085
-1.9999
-2.00809
-2.02514
-2.0774
-1.9657
-2.05674
-2.11087
-1.91308
-1.99353
-2.0329
-1.9744
-2.1198
-2.06305
-2.00059
-2.13282
-2.06575
-2.00583
-2.09132
-2.0777
-2.02693
-2.04343
-2.0088
-1.97298
-2.04203
-1.97107
-2.00011
-2.06694
-1.96286
-2.09539
-2.00126
-2.02875
-2.09628
-2.04183
-1.97997
-1.9472
-2.1192
-2.05185
-1.99377
-2.07551
-2.10006
-2.03343
-1.986
-2.09547
-2.06987
-2.02671
-2.12421
-2.02195
-2.00309
-2.01399
-2.09714
-2.11972
-2.13916
-2.02004
-1.90297
-2.04785
-1.98282
-2.03147
-1.98657
-1.99927
-2.04463
-2.0839
-2.02672
-2.08845
-1.97092
-1.98607
-2.01929
-1.97254
-1.99494
-2.06624
-2.01198
-2.05274
-1.95994
-1.97372
-1.94337
-2.05152
-1.98876
-2.03414
-2.10977
-1.94028
-2.00349
-2.05324
-1.98628
-2.05054
-2.08787
-2.02154
-2.02486
-2.0907
-2.02813
-2.08445
-1.99119
-2.0901
-2.06372
-2.14869
-2.07682
-2.08075
-2.09678
-2.07869
-2.18038
-2.1694
-1.97531
-2.02805
-1.98811
-2.04857
-2.04284
-1.91845
-1.97922
-1.9435
-1.98434
-1.92492
-2.06845
-1.98415
-2.03105
-2.06276
-1.96697
-2.04597
-1.96453
-1.99014
-1.99644
-2.03754
-2.0401
-1.98927
-2.09267
-1.91772
-2.08292
-2.01584
-2.04274
-2.13406
-2.15317
-1.97091
-2.08593
-2.02821
-1.98473
-1.98794
-1.91933
-2.00068
-2.18835
-2.07091
-1.9608
-2.00011
-2.04112
-2.0045
-1.95078
-1.95764
-1.81161
-1.95834
-2.06145
-1.95473
-1.99307
-2.00843
-2.0853
-2.0656
-1.96316
-1.96318
-1.9986
-2.09225
-2.13765
-2.01003
-1.96811
-1.9369
-2.06343
-2.06391
-2.05681
-1.94866
-1.94396
-1.92207
-2.06788
-2.00494
-2.03451
-2.04198
-2.04071
-2.03838
-2.1067
-1.97441
-2.02075
-1.98907
-1.98561
-2.05303
-2.00814
-2.10395
-2.07356
-1.97514
-2.02147
-2.01913
-1.99981
-1.93599
-1.96318
-1.99906
-2.06024
-2.02544
-2.04612
-1.94883
-1.95688
-2.01591
-2.04784
-2.00812
-2.00438
-2.01809
-2.06861
-2.14401
-2.0512
-2.08061
-2.06878
-2.03212
-2.04065
-2.08539
-2.07114
-2.00106
-2.05234
-2.09447
-2.07388
-2.02838
-2.1526
-2.07671
-2.01102
-1.98589
-2.0984
-1.95382
-2.00982
-2.03694
-1.99031
-1.99333
-2.0433
-2.03727
-2.09823
-1.95268
-2.06078
-2.05883
-1.99072
-2.0557
-2.01406
-2.0565
-2.10682
-1.92896
-2.03394
-2.01031
-2.10021
-2.06225
-2.00498
-1.98609
-2.0582
-1.92967
-2.13299
-2.02873
-2.04161
-1.93145
-1.96946
-2.08856
-1.94444
-1.935
-1.99333
-2.0052
-2.02415
-2.09806
-2.07105
-2.15035
-2.04058
-1.97953
-2.07203
-2.13783
-1.91877
-2.13692
-2.0597
-2.13117
-2.08971
-1.9889
-2.05665
-2.03268
-2.051
-2.08747
-2.00861
-1.98413
-2.00156
-2.00859
-2.04864
-1.95022
-2.01464
-2.06866
-2.09723
-2.06784
-2.0955
-1.98778
-2.00055
-2.07736
-2.05209
-2.03007
-2.04498
-2.09236
-2.05039
-2.14345
-2.03589
-1.99316
-2.09775
-1.93914
-1.89417
-2.00593
-2.06069
-1.98668
-2.09939
-2.02682
-2.07489
-2.08568
-2.05668
-1.88521
-1.89375
-2.15159
-1.99935
-2.01643
-2.0516
-1.92003
-1.97563
-2.02547
-2.08413
-1.96208
-2.06986
-2.03787
-1.98906
-1.99978
-2.06914
-2.02387
-2.00489
-2.05989
-1.99714
-1.98789
-1.98015
-2.13799
-2.0143
-1.99373
-1.9807
-2.01864
-2.02371
-2.00705
-1.98338
-2.06873
-2.00945
-1.86602
-2.08338
-1.96941
-1.95719
-2.01658
-1.98733
-1.99444
-1.98906
-2.02297
-2.06554
-2.12694
-2.00431
-2.0757
-2.02776
-2.10653
-1.99987
-2.02444
-2.00313
-1.9352
-1.96894
-2.00213
-1.99872
-1.92427
-2.01196
-1.97771
-1.97223
-1.96025
-1.97798
-1.97827
-2.04231
-1.9736
-1.97732
-2.00888
-2.02377
-2.04356
-2.10916
-2.08671
-2.02256
-2.02843
-1.9555
-1.93745
-2.00477
-2.07168
-2.08125
-2.00965
-2.04369
-2.08123
-2.06741
-2.06292
-2.08893
-2.05497
-1.96372
-1.97854
-2.02176
-1.90495
-2.0096
-1.94282
-2.08288
-2.0975
-1.99891
-2.04647
-1.92902
-2.10103
-2.07428
-2.01884
-1.9556
-2.04203
-2.05473
-2.00126
-2.07464
-1.94755
-2.07321
-2.02973
-1.89723
-2.06758
-2.11979
-2.11625
-1.92062
-1.97342
-1.98842
-2.0895
-1.98015
-2.0347
-2.05897
-1.90856
-2.00259
-2.02228
-2.00733
-2.00905
-1.98708
-2.05891
-1.87525
-2.07431
-2.09722
-1.97695
-2.01121
-1.95006
-1.94593
-1.9361
-2.06249
-2.12272
-1.92687
-2.02215
-2.03204
-1.90677
-2.01311
-2.09359
-2.07215
-2.14647
-2.05871
-1.91584
-2.10355
-2.07619
-2.0614
-2.01938
-1.98104
-1.99206
-2.00131
-2.07536
-1.971
-2.11583
-1.88984
-2.08656
-2.01607
-2.09974
-2.00986
-2.07116
-1.99788
-2.05162
-2.08691
-2.08855
-1.8961
-1.95739
-2.03795
-2.00132
-1.99751
-1.99269
-2.06845
-2.13632
-1.97877
-2.0246
-2.00381
-2.01379
-2.06505
-2.18551
-2.00138
-2.0612
-2.00614
-2.03783
-1.98544
-1.96455
-1.99073
-2.00235
-2.02238
-2.05551
-2.06261
-2.08622
-2.02334
-1.92659
-1.93269
-1.93026
-2.09189
-1.8991
-2.00906
-1.92293
-2.07499
-1.99526
-2.01951
-2.00129
-2.04159
-1.82525
-1.95723
-2.13831
-2.06265
-1.94468
-1.96943
-2.04188
-2.10102
-2.0467
-2.02682
-2.02293
-2.08092
-2.10058
-2.02809
-2.0933
-2.04136
-2.06986
-2.05632
-2.01657
-1.95345
-2.10847
-1.94155
-2.01726
-1.93004
-2.01164
-1.88598
-1.95193
-2.02969
-1.93905
-2.08356
-2.0464
-2.02398
-2.00863
-2.01167
-2.11226
-1.97955
-2.02442
-1.9977
-2.00085
-1.949
-2.08814
-1.99531
-1.96011
-1.94811
-2.07932
-2.0186
-2.03997
-1.97828
-1.98764
-2.01603
-2.00072
-1.95784
-2.05505
-2.10888
-2.04141
-2.00141
-2.09763
-1.96529
-1.95465
-2.0809
-2.02299
-1.97423
-1.97583
-2.00878
-2.09438
-2.07172
-1.99975
-1.92276
-2.03769
-2.04539
-1.89085
-1.97526
-2.04299
-2.17135
-1.98012
-2.01664
-1.97955
-2.12179
-1.99083
-1.9798
-2.12255
-2.1076
-1.94477
-2.03272
-2.13947
-2.03404
-2.07025
-1.97313
-2.06779
-2.03645
-2.12806
-2.08496
-1.95914
-1.9943
-2.05072
-2.00992
-2.07666
-1.93579
-2.02077
-2.00142
-1.94766
-2.03993
-1.99831
-2.05974
-1.97583
-1.97857
-2.02922
-2.01561
-1.98247
-2.05254
-1.92055
-2.00439
-2.00292
-2.12505
-1.97742
-2.01536
-2.02276
-1.99249
-2.05255
-1.98452
-1.93478
-2.02094
-2.01691
-2.01812
-2.03062
-1.93344
-2.01184
-2.07662
-2.0026
-2.0483
-1.92149
-1.95227
-2.09014
-2.11454
-1.96345
-2.00569
-2.0485
-1.90621
-2.04131
-2.026
-1.95815
-2.07779
-2.06005
-2.11244
-1.98127
-2.09061
-1.93309
-2.11038
-2.0205
-2.01061
-2.04265
-2.01103
-1.94749
-1.90388
-1.99665
-1.97224
-2.06592
-1.92923
-2.03941
-2.00025
-2.03375
-2.03497
-2.07634
-1.95898
-2.14076
-2.09108
-2.03685
-2.02245
-2.15338
-2.14412
-2.05843
-1.9823
-2.06098
-2.0056
-2.05171
-2.04593
-2.01052
-1.93401
-1.90932
-1.99101
-1.96137
-2.10447
-1.96065
-2.01592
-1.99054
-2.06821
-2.00581
-2.01368
-2.04369
-2.04723
-2.01038
-2.00576
-2.13178
-2.02707
-2.14612
-2.03079
-1.97703
-1.9562
-2.05742
-2.05502
-2.0354
-2.11116
-2.07938
-1.98296
-1.98386
-2.02219
-1.98055
-2.05756
-2.03928
-1.98008
-2.0951
-1.988
-2.06974
-2.03796
-2.01675
-2.06458
-2.01218
-2.03599
-1.99444
-1.99038
-2.03181
-2.12456
-1.98812
-1.97096
-2.06723
-2.00932
-1.99566
-1.92165
-2.01691
-2.12341
-2.07323
-2.0185
-2.06696
-2.04557
-1.9617
-2.10122
-1.92475
-2.12156
-2.07622
-2.02894
-2.08459
-2.08071
-2.04142
-1.94633
-2.00878
-2.0357
-1.94625
-1.98257
-2.04918
-1.89468
-2.00854
-1.89751
-1.99738
-2.03087
-1.97701
-2.06805
-2.13319
-1.91862
-2.03753
-1.96151
-2.04797
-2.02944
-1.98322
-1.92396
-2.12701
-2.03898
-2.04748
-2.02621
-1.94799
-2.02917
-2.13651
-2.07055
-1.90803
-2.07191
-1.9987
-2.05784
-2.02492
-2.05731
-1.92574
-1.94735
-2.06481
-1.92826
-2.11558
-1.98933
-2.04878
-1.96415
-1.96831
-1.97822
-2.00855
-1.89256
-2.13054
-2.01602
-1.98821
-2.03304
-2.16511
-2.11371
-2.12231
-1.97661
-1.85953
-1.97281
-2.04925
-2.08202
-2.01596
-1.95796
-2.03824
-1.97762
-2.0109
-2.10681
-2.05822
-1.95977
-2.03507
-2.05368
-1.95367
-1.93212
-2.0607
-2.11184
-2.0434
-2.06591
-1.98123
-2.01579
-2.00923
-2.058
-2.0025
-2.13321
-1.93157
-2.0196
-2.03242
-1.89663
-2.04903
-1.98332
-2.06482
-2.08958
-2.04544
-2.01013
-1.99903
-2.06302
-2.06059
-2.05813
-2.01131
-1.8692
-2.0485
-2.00049
-2.13031
-1.95025
-2.0619
-2.12079
-2.03769
-2.03207
-2.053
-1.96663
-2.06642
-2.03257
-2.02572
-1.95485
-2.00614
-2.06464
-2.08566
-2.07186
-2.03736
-2.13209
-2.00487
-2.04617
-1.98601
-1.96607
-2.00844
-2.19719
-2.05973
-2.07375
-2.07398
-2.01485
-2.06629
-2.01213
-2.02686
-2.06698
-2.00829
-2.00382
-2.01181
-1.98127
-1.93026
-2.03912
-2.05169
-2.11239
-2.06265
-2.06766
-2.04127
-2.00664
-2.03778
-2.00306
-1.98289
-1.96061
-2.04505
-2.09239
-2.08331
-2.10479
-2.03835
-1.94026
-2.01098
-1.93488
-1.95903
-2.01678
-2.07231
-2.0513
-2.08584
-1.9216
-1.94649
-2.03754
-2.12207
-1.97449
-1.98253
-2.02061
-2.02917
-2.00782
-2.06831
-2.08408
-2.01509
-1.9674
-1.96621
-2.02735
-1.99738
-2.02499
-1.98162
-2.06927
-2.09586
-2.02407
-2.04438
-1.99719
-2.07511
-2.01008
-2.08357
-2.10088
-1.96208
-1.87844
-2.02181
-2.04885
-2.04309
-2.00684
-1.93567
-2.03881
-1.9877
-2.01406
-2.07546
-2.12239
-2.03171
-2.01216
-2.13404
-2.10066
-2.02532
-2.11049
-1.99338
-1.96838
-1.89783
-1.97062
-1.92412
-2.02515
-2.02468
-2.05573
-2.10949
-2.0802
-2.07922
-2.03036
-2.07563
-2.07705
-1.97267
-2.08405
-1.96511
-1.98317
-1.97265
-2.03878
-2.02459
-2.01934
-2.02463
-1.96065
-2.04107
-2.016
-1.96706
-2.06828
-2.0422
-2.00006
-2.04627
-2.01805
-2.03438
-2.02374
-2.01415
-2.01189
-2.06398
-2.17119
-2.03238
-2.01255
-2.10255
-2.04718
-2.0792
-1.9897
-1.99303
-2.09599
-2.04264
-1.96395
-1.93443
-1.99644
-1.92978
-1.92437
-2.07103
-1.99911
-2.0392
-2.02296
-1.96734
-2.0192
-1.97049
-1.98153
-2.02982
-2.0517
-2.08629
-1.89678
-2.0816
-2.05965
-2.03552
-2.12789
-1.99434
-2.02881
-2.05217
-2.05759
-2.00481
-2.00792
-2.04814
-2.00114
-2.02945
-2.08502
-1.97753
-1.98544
-2.03274
-1.9922
-2.02268
-2.00252
-1.94329
-2.05281
-2.17412
-2.04593
-1.98606
-2.02613
-1.94606
-2.07448
-1.87855
-2.05128
-2.08677
-2.08552
-2.00948
-2.00621
-2.06074
-2.11704
-1.92482
-1.95292
-2.01607
-2.11222
-2.05004
-2.00339
-1.98858
-2.12046
-2.15165
-1.99989
-1.99689
-2.03479
-2.05267
-1.99683
-2.09405
-2.10325
-1.99401
-2.03751
-2.00554
-1.9482
-2.02055
-2.01219
-2.02502
-1.96752
-1.94849
-2.04416
-2.04197
-1.93839
-1.9787
-1.96525
-2.06995
-2.08507
-1.99659
-2.05226
-2.08085
-2.00988
-2.00112
-2.00287
-2.10254
-1.92585
-2.00078
-2.02046
-2.02361
-2.0361
-2.00995
-1.93471
-2.08656
-1.95059
-2.0634
-2.00935
-1.96725
-2.11886
-2.0615
-1.98406
-2.06047
-2.07164
-2.06223
-2.11233
-1.98765
-2.033
-2.00855
-2.08708
-2.02599
-2.07922
-2.01186
-2.06245
-2.0389
-1.97588
-2.00553
-2.05453
-2.0824
-2.05724
-2.02068
-1.94753
-1.89458
-2.09441
-2.00046
-2.06868
-2.05413
-1.9387
-2.10623
-2.00423
-2.14409
-2.13463
-1.96779
-1.8633
-1.94158
-2.0575
-2.11694
-2.03709
-2.02692
-1.99605
-2.05248
-2.03751
-2.05942
-1.89967
-2.0457
-2.05698
-2.04391
-1.92732
-1.99769
-2.03817
-1.96407
-1.99323
-2.00628
-1.98362
-2.06655
-2.01121
-2.02033
