1.16986
1.1395
1.12892
1.26659
1.13917
1.17836
1.21951
1.28099
1.22851
1.1118
1.36208
1.14802
1.12635
1.13959
1.34643
1.43402
1.36171
1.13736
1.1583
1.1288
1.15444
1.20322
1.06139
1.19064
1.12098
1.08649
1.07234
1.23426
1.3282
1.12429
1.07294
1.25204
1.15709
1.23602
1.16019
1.29374
1.22849
1.16468
1.12761
1.163
1.12432
1.15278
1.25252
1.29456
1.31977
1.21068
1.2855
1.23036
1.26414
1.25636
1.18529
1.23764
1.14938
1.17315
1.22561
1.23277
1.20931
1.2065
1.12711
1.15027
1.09323
1.22107
1.23505
1.30906
1.13046
1.22345
1.29824
1.21014
1.2604
1.10305
1.15571
1.21222
1.22166
1.30245
1.25976
1.13706
1.28456
1.17747
1.27754
1.26631
1.24014
1.14478
1.14207
1.22934
1.3107
1.33195
1.43106
1.25341
1.07464
1.08631
1.20983
1.2074
1.07901
1.31724
1.4105
1.10336
1.13676
1.18914
1.33916
1.19541
1.23176
1.20257
1.13556
1.13082
1.21673
1.10643
1.20549
1.13692
1.14795
1.23101
1.26923
1.21955
1.17368
1.06283
1.19438
1.30889
1.1852
1.2284
1.25071
1.08873
1.19238
1.15291
1.22318
1.15043
1.38421
1.34809
1.14972
1.06886
1.06431
1.10113
1.18114
1.13428
1.17277
1.23636
1.28102
1.25983
1.23545
1.23888
1.14981
1.16218
1.26705
1.28787
1.19337
1.24045
1.17825
1.22201
1.18383
1.28172
1.40576
1.11857
1.11495
1.28866
1.26897
1.19849
1.21236
1.32226
1.26842
1.31049
1.15946
1.29419
1.23669
1.14734
1.2225
1.29897
1.10285
1.03925
1.19473
1.24154
1.27742
1.3458
1.33436
1.34058
1.15961
1.23109
1.25378
1.30516
1.4608
1.15407
1.14541
1.27867
1.17018
1.20672
1.28448
1.3368
1.34485
1.26796
1.09737
1.37236
1.1777
1.23181
1.30445
1.39267
1.2168
1.17266
1.35375
1.20633
1.11364
1.36477
1.21053
1.31031
1.25531
1.09864
1.17828
1.25223
1.29113
1.17394
1.37142
1.31966
1.13073
1.1806
1.24826
1.31151
1.12382
1.46152
1.23884
1.12605
1.16964
1.26732
1.35127
1.28471
1.23877
1.09158
1.18482
1.18413
1.12075
1.41229
1.28446
1.28883
1.30923
1.27549
1.2429
1.24053
1.21233
1.23558
1.24058
1.26739
1.2045
1.21261
1.30373
1.3409
1.10748
1.27624
1.35107
1.19341
1.31028
1.22647
1.09418
1.33622
1.21687
1.17418
1.32721
1.14674
1.30569
1.20525
1.2555
1.25666
1.28469
1.35612
1.16437
1.32397
1.33991
1.3639
1.20744
1.26175
1.2906
1.15385
1.22346
1.07865
1.25248
1.19819
1.15786
1.43334
1.20076
1.10361
1.27403
1.27217
1.19014
1.23745
1.09348
1.03143
1.34052
1.24562
1.26077
1.24579
1.02694
1.14397
1.2466
1.10948
1.29883
1.26071
1.16928
1.17973
1.22367
1.34266
1.19531
1.3866
1.24992
1.14251
1.19116
1.28719
1.11666
1.29937
1.18967
1.14545
1.20437
1.26452
1.14915
1.22774
1.19008
1.18889
1.29658
1.34823
1.23527
1.2292
1.22556
1.18312
1.11644
1.3247
1.16679
1.33014
1.14694
1.31104
1.10245
1.23471
1.17238
1.10181
1.18543
1.16031
1.18927
1.26027
1.33432
1.16706
1.13477
1.23336
1.16369
1.11354
1.33064
1.24574
1.0915
1.2379
1.16941
1.3389
1.21376
1.22663
1.28274
1.23988
1.26718
1.24769
1.29196
1.16463
1.20868
1.23495
1.2152
1.2605
1.29612
1.24044
1.19384
1.21292
1.08065
1.18072
1.23908
1.23853
1.27238
1.14115
1.19984
1.12288
1.20791
1.28994
1.17744
1.27126
1.13599
1.20721
1.17549
1.31829
1.23248
1.21268
1.02992
1.18957
1.2665
1.49683
1.18688
1.33319
1.24457
1.1588
1.25609
1.36359
1.10864
1.11933
1.28559
1.09447
1.19285
1.0961
1.22599
1.20021
1.19206
1.32668
1.21663
1.10396
1.28914
1.01952
1.29988
1.15614
1.2143
1.19932
1.47224
1.2897
1.24155
1.2187
1.18555
1.19318
1.21322
1.3349
1.16442
1.2737
1.24501
1.30367
1.26702
1.24183
1.23621
1.22672
1.23775
1.22953
1.27939
1.12124
1.33382
1.21808
1.19969
1.24059
1.33078
1.17136
1.33076
1.24877
1.34753
1.19148
1.27241
1.30572
1.24133
1.33214
1.20576
1.18385
1.16166
1.26489
1.12099
1.22416
1.16288
1.2738
1.12634
1.32194
1.26452
1.47499
1.30309
1.29307
1.15742
1.26293
1.17394
1.38811
1.28727
1.17994
1.23972
1.20307
1.15305
1.26962
1.2085
1.1551
1.15282
1.25117
1.11315
1.03282
1.18528
1.17655
1.0904
1.3098
1.35053
1.15553
1.11613
1.37183
1.12433
1.2741
1.13616
1.2287
1.34957
1.1444
1.24201
1.23622
1.19074
1.24065
1.23284
1.27571
1.29278
1.12607
1.11242
1.34714
1.26103
1.13876
1.18371
1.20167
1.2902
1.33001
1.21537
1.26476
1.16779
1.42915
1.15925
1.34208
1.15688
1.2604
1.12884
1.26979
1.2626
1.33956
1.31134
1.12981
1.18862
1.20726
1.18899
1.35195
1.26114
1.17149
1.25226
1.15352
1.39194
1.26384
1.27394
1.05045
1.28614
1.25803
1.2782
1.17504
1.2554
1.09331
1.27883
1.23612
1.11397
1.27375
1.25933
1.20338
1.22297
1.24622
1.28581
1.15449
1.22499
1.20169
1.28101
1.22141
1.22185
1.25404
1.28616
1.23141
1.24645
1.08274
1.23189
1.19745
1.28724
1.20539
1.28732
1.25361
1.22596
1.32811
1.20013
1.37112
1.2224
1.23239
1.18778
1.1638
1.23039
1.18812
1.30771
1.20989
1.25145
1.17602
1.38758
1.42536
1.19859
1.18983
1.33299
1.21583
1.21507
1.29447
1.11695
1.25682
1.15417
1.13749
1.16105
1.27958
1.22866
1.24415
1.3069
1.25497
1.28727
1.02361
1.17792
1.24335
1.33234
1.16005
1.35263
1.34384
1.13485
1.16191
1.37028
1.19153
1.20074
1.22084
1.14776
1.2077
1.11865
1.05022
1.25161
1.10174
1.2306
1.21004
1.38491
1.19095
1.14104
1.18149
1.1679
1.13499
1.3515
1.21881
1.17433
1.25931
1.20756
1.35742
1.10342
1.33637
1.10102
1.30975
1.16685
1.1724
1.08721
1.12937
1.2791
1.35768
1.2061
1.14892
1.19212
1.24806
1.11508
1.209
1.30352
1.23061
1.38326
1.19081
1.319
1.35729
1.2722
1.39671
1.22955
1.18231
1.22023
1.14892
1.12355
1.3446
1.16303
1.17381
1.18591
1.1551
1.27987
1.21652
1.17043
1.23398
1.29833
1.19043
1.09815
1.29151
1.15805
1.07466
1.33258
1.13348
1.13164
1.14167
1.21354
1.38867
1.29109
1.32098
1.2772
1.21427
1.29851
1.06391
1.28058
1.12394
1.2237
1.29034
1.48458
1.13164
1.21989
1.13198
1.1069
1.26487
1.38317
1.19582
1.41585
1.19951
1.18509
1.41757
1.23245
1.39103
1.20026
1.10347
1.30765
1.19079
1.21629
1.05612
1.30925
1.25178
1.46974
1.31533
1.1567
1.13354
1.40707
1.2503
1.10449
1.17759
1.24042
1.27762
1.1497
1.26353
1.19643
1.26438
1.18163
1.19157
1.28541
1.24405
1.11847
1.07248
1.13364
1.22793
1.39455
1.13915
1.25964
1.32178
1.1402
1.14517
1.10369
1.25822
1.11556
1.13141
1.16189
1.32308
1.13164
1.13944
1.20709
1.22913
1.19566
1.17967
1.24281
1.19149
1.07962
1.26089
1.19686
1.25464
1.24217
1.16596
1.18761
1.12221
1.3398
1.2693
1.22651
1.10856
1.24261
1.24051
1.18596
1.12491
1.1937
1.20301
1.25041
1.21331
1.28432
1.17872
1.13578
1.40021
1.12553
1.25593
1.22828
1.1042
1.26278
1.12774
1.18828
1.23979
1.34787
1.12469
1.35873
1.27216
1.24361
1.13233
1.35546
1.2614
1.16872
1.26931
1.21851
1.29444
1.17021
1.20284
1.31573
1.1455
1.20067
1.15398
1.09861
1.12132
1.1639
1.29571
1.33778
1.08344
1.28907
1.09728
1.15207
1.33926
1.17586
1.24456
1.28301
1.1982
1.11812
1.3371
1.23773
1.17645
1.2212
1.27513
1.16531
1.26166
1.20807
1.17523
1.15267
1.12864
1.12682
1.13466
1.29188
1.33061
1.17803
1.08464
1.17693
1.10748
1.28602
1.27741
1.26988
1.06163
1.2561
1.17636
1.11514
1.19348
1.57046
1.22767
1.15125
1.25929
1.2279
1.17752
1.21395
1.38848
1.19667
1.14142
1.31904
1.32499
1.15881
1.13983
1.21465
1.16912
1.30984
1.38316
1.19915
1.10868
1.18357
1.10525
1.21318
1.23571
1.18292
1.11486
1.25827
1.19273
1.32114
1.25277
1.35271
1.20135
1.32772
1.04514
1.24566
1.22442
1.30494
1.18042
1.3349
1.38589
1.19098
1.20919
1.23987
1.33216
1.19415
1.24869
1.23575
1.17236
1.39706
1.37117
1.21024
1.12332
1.14846
1.44148
1.08332
1.09812
1.14905
1.25089
1.21415
1.22837
1.29676
1.14716
1.12152
1.2922
1.08118
1.27389
0.991877
1.17028
1.15522
1.2044
1.35238
1.04635
1.23064
1.13696
1.24279
1.27457
1.10048
1.19448
1.219
1.19555
1.10742
1.39043
1.20678
1.11635
1.23094
1.31267
1.43472
1.2198
1.35244
1.02414
1.17416
1.02048
1.19654
1.21481
1.07756
1.11408
1.28948
1.05451
1.26469
1.27535
1.36642
1.26618
1.21624
1.10823
1.34689
1.27634
1.14039
1.30904
1.13909
1.1561
1.13891
1.24947
1.36851
1.05323
1.23981
1.10469
1.21182
1.29429
1.08789
1.12559
1.15705
1.11946
1.2634
1.23769
1.19451
1.14262
1.21542
1.20253
1.15202
1.23169
1.19761
1.07575
1.42266
1.2386
1.43157
1.24793
1.28425
1.2885
1.14335
1.19734
1.2022
1.36272
1.1156
1.17768
1.1272
1.21971
1.33756
1.42439
1.22876
1.21467
1.35822
1.18967
1.36937
1.26983
1.3458
1.11336
1.18609
1.22003
1.22214
1.0817
1.32335
1.28615
1.1961
1.154
1.17944
1.0819
1.33888
1.08794
1.24756
1.09519
1.2589
1.25539
1.20239
1.0919
1.28774
1.30305
1.2319
1.22005
1.34287
1.19809
1.18951
1.26929
1.05876
1.36253
1.174
1.27216
1.13278
1.2388
1.26749
1.07096
1.25194
1.23879
1.12653
1.28899
1.2533
1.2853
1.10754
1.34862
1.20643
1.15838
1.18748
1.27001
1.41718
1.24016
1.13437
1.27255
1.33733
1.1195
1.13572
1.26345
1.16908
1.58937
1.21754
1.19332
1.25528
1.29258
1.21864
1.32263
1.15532
1.35998
1.26625
1.14473
1.18915
1.0965
1.21644
1.19916
1.21556
1.39049
1.05142
1.20564
1.31257
1.30046
1.31301
1.23898
1.1769
1.2279
1.16017
1.18175
1.27016
1.40954
1.11238
1.17674
1.34287
1.32606
1.11718
1.19821
1.23215
1.21348
1.06539
1.18583
1.16546
1.10012
1.26918
1.20474
1.2453
1.26157
1.19734
1.23732
1.25731
1.10139
1.43168
1.32236
1.28447
1.17415
1.1489
1.32403
1.19918
1.3225
1.33465
1.12506
1.18279
1.39675
1.04317
1.18877
1.09982
1.20877
1.25507
1.30551
1.31449
1.26479
1.22265
1.2017
1.30769
1.2563
1.23785
1.04841
1.28347
1.25037
1.23827
1.24056
1.30751
1.22239
1.2337
1.25343
1.46957
1.14562
1.13388
1.27985
1.27723
1.24676
1.28791
1.18707
1.15484
1.29366
1.17204
1.17311
1.31962
1.19323
1.05445
1.2385
1.21069
1.17292
1.28216
1.0763
1.17651
1.10976
1.11487
1.23891
1.20315
1.1324
1.18835
1.24107
1.04809
1.11887
1.23826
1.2421
1.22445
1.14701
1.16559
1.17278
1.24893
1.27549
1.14361
1.21335
1.26942
1.13291
1.20883
1.35321
1.20485
1.15644
1.11494
1.1422
1.22333
1.33032
1.16001
1.28845
1.14824
1.17454
1.18314
1.08452
1.30336
1.16918
1.04177
1.2371
1.35945
1.44359
1.3318
1.20886
1.14626
1.18943
1.21235
1.15822
1.11637
1.06549
1.19001
1.24955
1.23549
1.30079
1.14653
1.26944
1.28745
1.17472
1.2172
1.28978
1.19838
1.22198
1.15361
1.10003
1.4537
1.31477
1.17905
1.1354
1.17345
1.20359
1.09905
1.26367
1.18686
1.19736
1.24525
1.28883
1.14892
1.31195
1.0865
1.22676
1.10642
1.19136
1.17918
1.21601
1.27184
1.24398
1.25067
1.18972
1.15194
1.34533
1.09197
1.17214
1.1524
1.21323
1.46352
1.17046
1.02771
1.0635
1.31239
1.39268
1.34056
1.25195
1.14592
1.16504
1.28688
1.19403
1.2781
1.17691
1.15299
1.27428
1.26778
1.17234
1.25622
1.35943
1.12721
1.10146
1.11395
1.19189
1.16296
1.13893
1.17231
1.27081
1.22424
1.30094
1.40926
1.08747
1.13284
1.33098
1.24656
1.2404
1.18986
1.30323
1.12171
1.0426
1.11296
1.25185
1.22467
1.31668
1.21171
1.11039
1.32508
1.02863
1.42585
1.25001
1.14113
1.19666
1.17835
1.1965
1.16275
1.43394
1.41483
1.14481
1.22621
1.25111
1.28137
1.2144
1.13189
1.26374
1.22396
1.3929
1.17878
1.31789
1.13503
1.25477
1.19596
1.11814
1.28315
1.13393
1.12046
1.17971
1.26704
1.31758
1.28013
1.13508
1.20379
1.14712
1.40905
1.20084
1.15739
1.09745
1.07524
1.26227
1.24957
1.11764
1.29046
1.29738
1.24451
1.20416
1.33217
1.3424
1.18395
1.33808
1.3037
1.29799
1.30953
1.20177
1.12024
0.99768
1.27557
1.04004
1.05731
1.11981
1.17095
1.18342
1.18091
1.1283
1.24834
1.13299
1.1711
1.23949
1.27852
1.2189
1.06435
1.20585
1.09347
1.296
1.0609
1.43681
1.19119
1.26354
1.18518
1.35318
1.28793
1.2308
1.08985
1.16824
1.03802
1.1723
1.28687
1.22288
1.1181
1.00777
1.27081
1.27491
1.16697
1.15772
1.21633
1.26779
1.13302
1.27319
0.983317
1.17969
1.19394
1.31412
1.14601
1.21669
1.21862
1.15983
1.27861
1.17283
1.05847
1.12813
1.19695
1.29653
1.03108
1.22424
1.36058
1.13352
1.36018
1.16228
1.31267
1.07936
1.28535
1.30731
1.19679
1.24078
1.14623
1.2147
1.21349
1.23889
1.11868
1.2564
1.09832
1.12562
1.08154
1.21045
1.22712
1.31123
1.33731
1.26693
1.2836
1.24463
1.16065
1.18709
1.17361
1.23996
1.20593
1.10392
1.27556
1.23646
1.18847
1.3174
1.04642
1.24242
1.14812
1.28115
1.21519
1.06908
1.23971
1.12238
1.07981
1.13237
1.19639
1.14747
1.07784
1.20331
1.21121
1.4186
1.39329
1.28408
1.32997
1.44854
1.24523
1.31864
1.19437
1.15615
1.1481
1.16911
1.17842
1.26897
1.2076
1.18905
1.15837
1.06932
1.36129
1.32146
1.16874
1.34045
1.08738
1.07914
1.189
1.23113
1.13032
1.0515
1.18927
1.09062
1.17363
1.1448
1.28715
1.34162
1.39088
1.28006
1.13438
1.16
1.09491
1.24107
1.23238
1.41005
1.06665
1.29649
1.16629
1.46062
1.05833
1.04746
1.3824
1.19885
1.14906
1.07001
1.10129
1.29942
1.21816
1.20048
1.26382
1.35825
1.10765
1.19483
1.26052
1.27
1.25889
1.2324
1.24211
1.27066
1.17092
1.10202
1.34747
1.14273
1.2296
1.24798
1.22938
1.30996
1.35297
1.04406
1.16743
1.08696
1.18667
1.06063
1.05704
1.28325
1.18298
1.39456
1.0793
1.32562
1.22111
1.14555
1.22752
1.32939
1.26478
1.20873
1.21432
1.39968
1.22937
1.29039
1.17462
1.27066
1.15348
1.15537
1.24791
1.1451
1.33197
1.32631
1.16358
1.09132
1.24773
1.31161
1.3064
1.08715
1.22255
1.24863
1.11202
1.26801
1.17701
1.20267
1.18075
1.24424
1.15956
1.1945
1.04902
1.17914
1.09629
1.17623
1.127
1.22833
1.21158
1.21582
0.988949
1.11377
1.23957
1.08107
1.13261
1.2197
1.23652
1.08466
1.14467
1.32607
1.1482
1.12984
1.17317
1.10729
1.38729
1.47607
1.04832
1.21693
1.23922
1.13136
1.21544
1.08826
1.25244
1.08812
1.17808
1.21619
1.15097
1.05945
1.05611
1.32541
1.07604
1.13878
1.13511
1.11794
1.14451
1.2064
1.11898
1.37964
1.46797
1.35415
1.10964
1.20374
1.24961
1.15455
1.17739
1.28426
1.26083
1.22134
1.20643
1.16972
1.23416
1.29821
1.15292
1.24746
1.23646
1.30891
1.29758
1.24686
1.21993
1.19157
1.17796
1.12067
1.23501
1.12286
1.23571
1.22106
1.25612
1.29124
1.12511
1.20894
1.2405
1.11552
1.21655
1.19204
1.28734
1.27146
1.11716
1.15031
1.23774
1.31232
1.35798
1.14678
1.28288
1.20079
1.19727
1.20927
1.11873
1.26942
1.29293
1.19076
1.24041
1.18705
1.33847
1.21914
1.60475
1.28109
1.10561
1.27736
0.995387
1.13416
1.11986
1.32629
1.17725
1.1019
1.15064
1.17162
1.33762
1.29141
1.0688
1.01525
1.15237
1.24311
1.17106
1.15838
1.36038
1.25257
1.22109
1.2059
1.30412
1.26217
1.15547
1.32804
1.23294
1.13375
1.23632
1.28145
1.38641
1.28168
1.11845
1.10017
1.17502
1.38744
1.16945
1.15158
1.33966
1.1638
1.11732
1.18435
1.27079
1.23366
1.34407
1.19009
1.12746
1.08556
1.18322
1.21865
1.13679
1.09477
1.1516
1.26114
1.20032
1.29011
1.06552
1.0536
1.20116
1.25588
1.16424
1.15774
1.13686
1.14978
1.20418
1.32284
1.2693
1.25714
1.33464
1.01432
1.15039
1.14874
1.18648
1.32051
1.21444
1.17323
1.18913
1.08792
1.0927
1.19849
1.24394
1.17954
1.14073
1.12119
1.22792
1.18052
1.29982
1.16287
1.25105
1.18688
1.26263
1.10539
1.10222
1.16444
1.25762
1.04523
1.14971
1.24502
1.23215
1.21429
1.18849
1.13723
1.25037
1.43016
1.16201
1.2346
1.19178
1.27951
0.98548
1.20924
1.22606
1.34054
1.06705
1.14341
1.3194
1.23329
1.17655
1.20732
1.09305
1.26095
1.08991
1.42063
1.04617
1.1074
1.26998
1.2884
1.26444
1.18615
1.19777
1.12076
1.18413
1.2664
1.17937
1.13172
1.15103
1.1815
1.24259
1.15946
1.18471
1.21754
1.08841
1.213
1.22381
1.31043
1.17534
1.12907
1.3223
1.14802
1.31605
1.1263
1.18967
1.2326
1.26234
1.31699
1.1995
1.1058
1.23685
1.07834
1.35126
1.24929
1.28483
1.19962
1.08649
1.19862
1.41346
1.13452
1.20915
1.17621
1.17522
1.19094
1.17177
1.22705
1.23187
1.20982
1.1139
1.16465
1.15331
1.20019
1.03557
1.34218
1.07056
1.0853
1.30786
1.10998
1.25435
1.33397
1.06669
1.14816
1.19106
1.07871
1.10671
1.4241
1.18869
1.2421
1.27769
1.07567
1.27673
1.13805
1.18849
1.1736
1.22145
1.18266
1.08524
1.07941
1.16986
1.3645
1.25148
1.28164
1.176
1.25206
1.13778
1.16532
1.30512
1.23107
1.27818
1.30485
1.33376
1.24347
1.28956
1.21607
1.24289
1.11202
1.25515
1.13058
1.14133
1.20401
1.16119
1.34314
1.18093
1.09462
1.13944
1.26676
1.04578
1.24166
1.21247
1.18071
1.30007
1.17768
1.33601
1.12196
1.2696
1.13975
1.1879
1.21676
1.19274
1.28873
1.45253
1.332
1.19532
1.18
1.20875
1.12128
1.26905
1.14533
1.28746
1.12881
1.3708
1.31817
1.26623
1.27598
1.22204
1.23487
1.34624
1.04351
1.24001
1.18356
1.20392
1.21576
1.29525
1.23533
1.17271
1.17391
1.17445
1.36386
1.21094
1.17717
1.14118
1.07842
1.21255
1.06526
1.24261
1.47134
1.19288
1.18992
1.27358
1.1705
1.30238
1.17396
1.42578
1.27276
1.23059
1.26564
1.23652
1.16402
1.07218
1.1581
1.26149
1.26626
1.14032
1.21282
1.07117
1.19333
1.14873
1.17983
1.23017
1.15487
1.28042
1.19054
1.32251
1.24743
1.20051
1.30888
1.32034
1.16526
1.12111
1.27842
1.20532
1.40722
1.20711
1.11289
1.26218
1.18259
1.27404
1.2156
1.19355
0.982095
1.14774
1.11514
1.09196
1.18344
1.12055
1.33589
1.22002
1.09158
1.2745
1.13005
1.18026
1.28649
1.13183
1.30119
1.2312
1.15295
1.11497
1.15079
1.27146
1.23918
1.32114
1.11309
1.33179
1.22932
1.28241
1.20031
1.13897
1.16466
1.40274
1.34717
1.31119
1.16156
1.14455
1.13069
1.1909
1.19829
1.51434
1.33508
1.23033
1.30906
1.11805
1.13117
1.26032
1.21146
1.09139
1.10083
1.16546
1.32223
1.0683
1.22233
1.17282
1.16054
1.10702
1.27524
1.26809
1.08689
1.16079
1.1401
1.08461
1.28138
1.21612
1.16115
1.09379
1.27918
1.23624
1.14586
1.12434
1.21747
1.25266
1.11594
1.10821
1.16294
1.18119
1.21871
1.18121
1.13805
1.19687
1.15212
1.12697
1.20951
1.21638
1.15642
1.27346
1.30103
1.01286
1.233
1.20958
1.14844
1.20459
1.323
1.16036
1.23817
1.1165
1.3338
1.40382
1.29458
1.11209
1.17198
1.18708
1.22339
1.22957
1.14321
1.13439
1.28666
1.09929
1.33134
1.31483
1.17069
1.3098
1.21492
1.39214
1.13512
1.31771
1.15128
1.24209
1.28386
1.17607
1.16689
1.28624
1.15759
1.2415
1.24512
1.24403
1.00627
1.24973
1.10294
1.13802
1.16945
1.23202
1.21204
1.34644
1.03479
1.38192
1.25997
1.30721
1.20011
1.23214
1.26789
1.21449
1.07074
1.15833
1.19113
1.2455
1.13558
1.26072
1.2216
1.07954
1.27101
1.11412
1.20359
1.17882
1.07265
1.10171
1.23624
1.36739
1.13214
1.19774
1.29754
1.18531
1.35058
1.18586
1.19645
1.39916
1.22849
1.23092
1.19644
1.20798
1.22105
1.01573
1.2519
1.14915
1.03121
1.17269
1.16075
0.96066
1.22912
1.10258
1.30492
1.14331
1.09417
1.14977
1.19825
1.11323
1.00145
1.1232
1.2016
1.1339
1.23328
1.10082
1.24771
1.09315
1.19992
1.25228
1.21208
1.14392
1.15153
1.07579
1.13312
1.14358
1.30773
1.041
1.29345
1.26471
1.25635
1.06737
1.35632
1.10662
1.17992
1.15163
1.17377
1.22641
1.22677
1.18662
1.33478
1.26291
1.37256
1.35644
1.2003
1.18003
1.07713
1.21653
1.22141
1.19392
1.07267
1.27288
1.08518
1.33992
1.1896
1.23251
1.15916
1.12595
1.2456
1.19279
1.13353
1.10492
1.00875
1.16311
1.07798
1.12691
1.18305
1.16258
1.26099
1.17706
1.29126
1.35698
1.11317
1.39045
1.25307
1.2385
1.43948
1.1349
1.25571
1.3094
1.25547
1.33737
1.43474
1.21901
1.27437
1.07638
1.37161
1.25307
1.08954
1.21105
1.19468
1.1709
1.1623
1.12815
1.22005
1.07551
1.19491
1.14231
1.19036
1.1246
1.31167
1.44509
1.21327
1.18031
1.24953
1.06728
1.22347
1.10857
1.21466
1.26142
1.21992
1.17062
1.23151
1.10272
1.20645
1.25096
1.31777
1.28971
1.13092
1.2194
1.1277
1.31428
1.16662
1.13241
1.17795
1.02514
1.27555
1.1273
1.12617
1.23991
1.16653
1.2246
1.14936
1.148
1.31819
1.17742
1.37038
1.19189
1.33774
1.26539
1.23848
1.34991
1.23453
1.178
1.19407
1.26886
1.25586
1.21579
1.12862
1.40452
1.17577
1.26653
1.19029
1.16419
1.21302
1.25047
1.14757
1.2185
1.24749
1.12838
1.167
1.21453
1.07818
1.17195
1.33498
1.21373
1.3206
1.1859
1.25646
1.20573
1.15257
1.21616
1.3266
1.27186
1.20984
1.23684
1.00874
1.12854
1.41362
1.06864
1.29298
1.06788
1.19388
1.15389
1.1087
1.18569
1.10574
1.32959
1.18513
1.20807
1.2055
1.11371
1.18241
1.12749
1.07825
1.03316
1.14824
1.13777
1.23056
1.21873
1.19203
1.13767
1.14042
1.43585
1.20791
1.12941
1.07938
1.19037
1.33761
1.18496
1.3595
1.2194
1.11179
1.11552
1.1461
1.10137
1.23277
1.20756
1.25477
1.25637
1.11827
1.24945
1.4103
1.22322
1.1539
1.1353
1.03573
1.23021
1.28485
1.30085
1.22315
1.21488
1.19535
1.09864
1.09561
1.1629
1.25133
1.09792
1.19703
1.15017
1.16448
1.16792
1.17455
1.28117
1.08369
1.25702
1.29813
1.18992
1.20456
1.2782
1.18213
1.24444
1.22135
1.16878
1.21613
1.09697
1.34962
1.29993
1.10387
1.22826
1.08424
1.12644
1.14717
1.15837
1.23375
1.14922
1.07003
1.13138
1.11785
1.22526
1.15077
1.18517
1.04497
1.17352
1.24654
1.40744
1.09258
1.2186
1.25885
1.26128
1.1735
1.21792
1.32884
1.22364
1.03855
1.18828
1.36609
1.2608
1.26094
1.14913
1.1805
1.19904
1.10459
1.19802
1.26331
1.12911
1.13593
1.26755
1.34884
1.13426
1.11661
1.15747
1.23786
1.1745
1.24118
1.23628
1.16228
1.22144
1.17164
1.18157
1.24191
1.21279
1.33612
1.20746
1.19552
1.11011
1.20932
1.08785
1.27036
