0.999169
1.01673
1.01297
1.04146
0.999807
1.01538
1.03578
1.01267
1.05001
0.985824
1.00177
1.03292
1.00613
1.01908
1.01294
0.985654
0.991679
0.978009
1.00219
1.01322
1.02617
1.00094
1.01307
0.992667
1.03905
0.992382
0.974209
0.988372
1.00035
0.986353
1.01673
1.01146
1.01785
1.00816
1.00466
1.03048
1.00818
1.0164
0.990306
1.01156
1.01699
1.01496
0.986129
1.00275
1.0227
0.996894
0.972763
1.00209
1.01141
1.02001
1.02883
1.01932
0.991774
0.991022
1.00931
1.00484
1.04104
1.01025
0.990749
0.987405
1.02343
1.00998
1.00253
0.990895
1.01089
1.02479
1.00597
1.00187
1.00212
0.993987
0.972342
0.980206
1.01907
0.99433
1.00584
1.00296
1.01319
0.970555
1.00196
1.00853
0.988404
1.00614
0.972315
0.961886
1.01496
0.993868
0.982623
0.997771
0.988027
1.02433
0.999097
1.01859
0.987665
1.00634
0.998207
0.984786
1.02053
0.98063
1.00089
0.992174
0.982182
1.00442
0.987095
0.973435
1.02329
1.00182
0.98921
0.994163
1.00365
1.00127
1.02014
0.994777
0.985567
0.982126
1.00803
0.998742
0.986279
0.98938
1.01741
1.01726
1.0143
1.02285
0.992252
1.00568
1.00141
1.00476
0.999306
0.995555
0.977534
0.975287
0.99699
1.01006
0.992329
1.01289
0.961794
1.03153
0.997642
1.03258
0.9963
1.00792
0.996981
0.985038
0.996281
1.00178
1.00675
1.00758
1.01228
1.01943
0.994784
1.00282
0.986451
0.969968
0.986358
0.998424
0.997451
0.989514
0.990269
0.999924
1.02079
1.02464
0.986989
0.98946
0.977686
1.02886
1.00211
0.992035
1.0185
0.987285
0.99467
0.95528
0.98808
0.981478
0.985092
0.994996
0.99008
1.00164
0.980165
1.00767
0.978295
0.991073
1.00559
0.993425
1.02645
1.00759
1.00553
0.997308
1.01011
1.02665
0.994315
0.988027
1.00419
1.01394
0.984192
1.00029
0.991537
0.975971
0.971186
1.03307
0.986539
0.976856
1.00292
0.994691
0.994925
0.993943
0.981184
1.01376
1.02975
0.977907
0.999558
0.983025
1.00696
0.993753
1.00549
0.991067
1.03449
0.963091
0.981338
0.982013
1.00401
0.999339
0.962604
0.971882
0.99114
1.02059
0.990536
1.00507
1.03168
0.987889
1.02907
0.995556
1.00894
0.97748
0.989631
0.968175
1.02777
0.994752
1.00968
0.989233
1.01665
1.00292
0.993605
0.979538
0.992968
0.971548
1.03405
0.992148
0.984849
0.989068
0.995508
0.998112
0.995516
1.00268
1.01182
1.01063
1.01248
1.00712
0.997883
0.985986
0.988517
1.00163
0.990014
1.00937
0.973512
0.989795
0.989777
1.00376
0.997829
1.00553
1.01168
1.01241
0.987704
1.03188
1.00668
0.982263
1.00388
0.995033
1.00858
0.983108
1.02534
0.999567
1.00701
0.98798
0.981558
0.996441
0.990898
0.990931
1.01902
0.978848
0.995423
0.993999
1.01981
0.988347
1.00613
0.979259
0.992869
1.00929
0.975525
1.00333
0.982826
0.989679
1.00138
1.004
0.994025
1.00775
0.993841
1.00239
0.991884
0.992947
0.990776
0.993708
0.977527
0.995322
0.986581
0.996451
1.00367
0.999326
1.0016
1.03166
0.994053
1.01775
0.996986
0.990617
1.02384
0.980787
0.99402
0.98861
0.951744
1.02535
1.05262
0.984341
0.992972
0.992338
0.998264
1.00752
1.02019
0.983456
1.02376
0.986525
0.988468
1.00714
0.992081
0.97998
1.00684
1.01011
0.995233
1.00111
0.983135
1.00062
0.992901
1.0174
1.0243
0.974398
0.997783
0.989553
1.01455
0.981361
1.00052
0.992509
1.00019
0.997084
1.00018
0.999524
0.99628
1.00136
1.00732
1.00061
1.00281
1.00813
1.01404
0.990538
1.00528
1.00603
1.01198
1.00236
1.01023
1.00127
0.97612
1.03812
1.00911
0.993523
0.997626
0.993374
1.01409
0.978973
0.997289
1.00263
1.00279
0.99681
1.00269
0.992243
1.01293
1.02653
0.990849
1.00126
1.02734
1.00454
1.01217
0.989527
0.986634
1.00914
1.00678
1.02692
1.03494
0.992899
0.970512
0.976936
1.04092
1.00753
0.995678
1.01207
0.989864
0.980135
0.987153
1.00225
0.993397
0.993354
0.996978
0.99887
1.00501
0.994703
1.01067
1.00186
1.0104
0.997346
1.01255
0.988718
1.00005
1.00694
0.990262
1.00761
1.00372
1.014
0.969556
1.00578
1.03375
0.997625
0.981676
1.00089
1.0298
0.997006
0.977804
1.00562
0.999816
1.00577
0.997592
1.01014
0.996194
0.986734
1.009
1.01131
1.00192
0.999062
0.992935
0.981337
1.03663
1.00105
0.988703
0.977432
0.976289
1.01551
0.982899
0.988771
0.999738
0.986842
0.977553
0.977895
1.02589
1.01606
1.00165
0.991508
0.993321
1.01034
1.01029
1.01559
0.992506
0.992725
0.982996
1.01161
1.00031
0.996366
1.00301
0.994302
1.00172
0.975018
1.00344
1.01048
0.989224
1.01088
1.00914
0.998402
1.00386
0.992151
1.01358
1.00918
1.00203
0.989682
1.01135
1.0075
1.00722
0.998668
1.02576
0.993143
1.00251
1.01723
1.00499
1.01323
0.967973
0.954555
0.991735
0.980011
0.993372
1.04465
0.999599
0.996406
1.0225
1.03084
0.974172
0.991761
0.999566
0.973828
1.01768
1.00699
1.00643
1.00526
0.995384
1.02152
1.03665
0.977968
1.00875
1.02731
1.0108
1.0172
1.03826
0.986623
0.986451
0.995668
0.990265
1.00736
1.00441
1.00119
1.04265
1.01137
1.00075
1.01116
1.00354
1.02541
1.02055
0.998897
1.01093
0.999562
1.01546
1.02702
1.00186
0.991085
0.984388
0.994209
1.01966
1.0183
0.988412
1.03288
0.986618
0.988871
1.00062
1.01056
0.999415
0.999941
0.987523
1.00671
1.00246
1.00943
1.0007
0.984749
1.01932
0.991373
1.0381
0.993598
0.980305
1.0051
0.998221
1.01178
0.986627
1.00554
0.987718
1.01215
1.01472
1.01524
0.999407
1.0059
1.01018
0.998368
1.00213
0.974851
1.0126
1.00263
0.993744
1.01602
1.00092
1.00796
0.997691
0.976758
0.986282
1.00814
0.996371
0.98887
0.983395
0.983748
1.00784
1.01393
1.00428
1.01121
0.994179
1.01987
1.0161
0.98566
1.04036
1.01188
0.989319
0.982613
1.0086
0.983522
1.01068
1.01584
0.999052
1.00935
1.01144
1.02127
0.986141
1.01449
0.990005
1.02238
1.02581
0.996771
1.00815
0.978816
1.0047
1.02368
1.0184
1.01762
0.985205
0.96669
0.998384
1.02408
1.00639
0.994121
0.976102
1.00646
1.01935
0.982753
0.989646
1.0129
0.98849
0.996842
1.01413
0.998017
1.02442
0.986397
1.0105
1.00728
0.982644
1.00614
1.00534
1.0119
1.01339
1.0093
0.99089
1.00124
1.02045
0.988656
1.00666
1.01463
0.998166
0.984577
1.01396
1.01915
0.999073
1.02965
0.992567
1.01633
1.02329
0.993285
1.03007
1.00304
1.00959
0.993312
1.01339
1.01645
1.00575
1.01238
1.02405
0.997612
1.00038
0.991323
0.991454
1.01069
1.00565
0.994611
0.990641
1.0126
1.00468
1.00424
1.00597
0.980997
1.01378
1.01098
1.01223
1.0244
0.999345
0.996396
1.0195
0.992587
0.99269
1.03662
1.01735
1.0044
0.974977
1.00713
0.989922
1.00066
0.998164
0.981775
0.992248
1.00764
1.01358
1.00202
1.01901
1.00055
1.0096
1.00437
1.00447
0.977802
1.00369
0.995218
1.01499
0.986442
0.9726
1.00153
0.999633
1.02211
1.01157
1.00989
1.00028
1.00712
0.995323
0.995503
1.0123
1.00177
0.971758
1.02465
0.961883
1.01626
1.02315
1.00341
1.01346
1.00327
0.977211
1.00291
0.980565
0.987515
1.00464
1.01126
1.00369
0.985273
1.02249
0.994831
1.00529
0.978034
1.00628
0.998287
1.0064
0.984941
1.0031
1.01073
1.0037
1.02511
1.01807
1.01446
1.00482
1.01216
1.01526
1.01968
1.01716
1.01197
1.02153
1.01585
0.9766
1.00807
1.00993
1.00153
0.991458
0.987014
0.982131
0.990765
1.011
0.995421
1.02014
1.00755
0.988123
1.02306
1.01502
1.00383
1.01728
1.00786
1.00897
1.01173
0.993155
0.998268
0.990252
0.975141
1.02334
1.00666
1.02231
1.0132
0.982967
0.999369
0.985702
1.02676
0.993778
0.997949
1.00727
1.00999
1.0012
1.00534
0.99843
0.998552
1.0134
1.00289
1.0063
1.00541
0.986775
0.990619
0.979464
0.991348
0.994352
1.00472
1.01333
1.00723
0.988189
0.99764
0.984366
1.03453
0.99994
1.01731
0.997628
0.996397
1.02243
0.98995
1.00664
1.04874
1.00573
1.01012
0.996776
1.00903
1.00782
1.01411
1.01315
1.03602
0.980511
0.997561
1.0173
0.998842
0.988221
0.987154
1.0007
0.988128
1.03503
0.982018
1.02262
1.01618
0.986704
1.00462
0.978167
0.991337
1.00683
1.00636
0.999381
0.970987
1.01664
1.03331
0.995583
1.01077
0.98961
1.0117
1.01293
0.987959
1.01248
1.00378
0.986366
1.01166
1.00036
1.00259
1.01584
0.987101
1.02499
1.00037
0.995149
0.986156
0.997073
0.983481
1.00248
0.998097
0.991616
0.997216
1.01716
1.01768
0.997504
1.00162
1.00224
1.05139
0.998643
0.995726
0.992993
0.997828
0.997725
1.03526
1.02712
0.992628
1.02786
0.985199
1.02215
1.01947
1.01147
1.00689
0.9931
1.00463
1.03533
0.983664
1.03195
1.0205
1.01484
1.00831
1.00913
1.00581
0.988824
0.976569
1.00117
1.0414
0.983996
0.989827
1.00655
1.01302
0.974633
1.01242
1.01697
0.996125
1.00988
1.0014
1.01455
1.01289
0.99031
0.987965
0.989615
0.992233
1.00917
0.988866
1.01973
1.00969
0.995275
1.00531
1.00598
1.00356
0.992809
1.01144
1.00927
1.00084
1.03282
0.993229
1.01355
1.00118
1.00079
0.991948
1.02766
1.00811
0.981892
1.01977
0.997252
0.982234
0.994422
1.02023
1.01804
0.983721
1.00343
0.9678
0.988651
0.992714
0.990623
0.991976
1.00758
1.01796
0.991488
1.00228
1.0026
0.995014
0.999439
0.992286
1.03188
0.983029
0.992769
0.98899
0.996384
1.00989
0.999246
1.0141
1.00415
0.983033
1.01468
1.01243
1.01056
1.00931
0.998075
1.01947
1.03916
1.00638
1.00362
1.04719
1.01036
0.997534
0.985196
0.994427
1.00168
0.994492
1.02957
0.988089
1.04655
0.99791
0.983751
1.02387
1.01401
1.01004
1.00773
1.01561
0.992141
1.02273
0.993056
0.98679
1.01857
1.01613
1.02742
1.00916
1.01418
1.00767
1.00619
0.980503
0.996695
1.02604
0.989856
0.992115
0.989964
1.00349
1.00221
0.976276
1.00443
1.01104
0.996992
1.00959
1.01662
0.990951
0.983466
0.996986
0.991619
0.992328
1.01636
0.998138
0.999815
1.004
0.993042
1.02415
0.99766
1.00883
0.989359
1.01789
1.02464
1.01024
0.99594
0.996651
1.00075
1.04051
1.01387
0.995361
1.01379
1.01445
1.00086
1.00472
0.980772
1.02198
1.02799
0.996903
1.02112
0.982354
0.999675
0.987647
0.993362
1.00378
1.06575
1.00645
1.00228
0.990828
1.01872
1.04606
1.02833
0.998217
1.00045
0.999896
0.999174
1.02038
1.01223
0.993038
0.999306
0.994129
1.00744
0.993799
1.04312
1.0026
0.992339
1.01869
0.979596
0.969715
1.04689
1.015
1.0086
1.00543
1.02281
0.98895
0.988335
1.01244
0.98727
1.02326
0.999674
1.01006
1.02468
1.01411
1.04218
1.01697
1.01147
1.00781
1.00954
0.973652
1.01159
1.00604
0.995574
0.99637
1.02283
0.998409
0.997813
0.999569
0.997303
0.984869
0.986117
1.00246
1.02915
0.996248
1.00513
1.00002
1.00417
0.9843
0.983134
1.01744
1.00992
1.00701
1.02592
0.996559
0.997925
1.02027
1.01125
0.992557
1.00941
1.01785
0.987421
0.983459
1.0072
1.00239
1.0167
1.00926
1.01396
1.00759
1.00396
0.995913
1.01532
0.974349
1.00468
1.00485
0.993013
1.0172
0.998607
1.01041
1.03
0.980462
1.02356
1.0167
1.00499
1.00265
1.02232
1.02002
0.988726
1.02877
0.99251
1.00209
1.01163
1.00892
1.01477
0.967456
1.02004
1.03307
0.999153
1.02558
1.01021
0.995705
1.02557
0.997257
1.01912
1.00151
1.0175
1.00906
1.01279
1.00044
1.01014
0.990802
0.976376
1.02761
1.00396
1.00305
1.00491
1.01758
0.994348
1.02313
0.992926
0.998079
0.97998
0.991632
1.00339
1.03037
1.02171
0.997751
1.03109
0.985587
0.996096
1.0021
1.01207
0.987643
0.977534
0.98206
1.01125
1.00493
1.0017
1.03048
0.987362
1.00412
1.02048
0.986146
0.994681
1.00163
1.0005
0.982478
0.99523
1.01015
1.0271
1.00274
1.00359
1.03141
0.997955
1.00141
0.991991
1.01293
1.01954
0.98216
0.994127
0.988034
1.03012
0.997167
1.00343
0.989014
1.00669
1.00027
0.988211
1.02372
0.987514
1.02401
1.00717
0.999262
1.02555
0.976972
1.00273
1.01716
1.00102
1.00069
1.00852
1.00896
1.00864
0.995228
0.978395
1.00137
0.994623
1.00147
0.994705
0.999909
1.03264
0.9795
1.0123
1.02168
0.981698
0.994974
0.997104
1.00768
1.01874
1.01232
0.995627
0.990542
0.993543
1.01296
0.996321
1.00195
0.983591
0.98878
1.01206
0.987476
1.02455
1.00984
0.994308
1.00622
1.02898
0.990199
0.999974
0.992456
1.01931
1.03869
0.999901
0.997386
1.00611
0.987022
1.01682
1.02411
0.993548
0.991934
1.01508
1.00833
1.0133
0.993138
1.03342
0.997714
0.993008
1.00948
1.01088
0.997583
0.99244
1.01414
1.01337
0.993768
1.0322
0.98616
1.00694
1.01052
0.973975
0.98053
1.03422
1.00841
0.996969
0.991171
1.00378
1.01053
1.0097
0.98466
1.01821
1.00894
0.996633
0.977738
1.0386
0.979193
1.00874
1.00875
1.00742
0.995237
1.01482
0.983429
0.98923
1.03869
0.993213
1.00213
1.00197
1.00989
0.994652
1.02092
1.02098
0.998493
1.0024
0.997683
0.998956
0.998483
0.982851
0.995252
1.00317
1.00332
0.990208
0.986582
1.01115
1.00198
1.00245
0.995354
1.01452
1.00074
0.984664
0.988093
1.0397
0.984436
1.02034
0.97944
1.00203
1.01777
0.984664
1.00954
1.01341
1.00345
1.00777
0.987101
1.00587
0.996938
0.972402
0.981561
0.995301
1.00307
1.00972
1.02605
0.98508
1.02294
1.0008
1.00458
1.02845
0.99974
1.00944
0.991496
1.01092
1.01227
1.03877
1.01605
0.985616
1.00182
0.997541
1.00728
0.992781
0.996852
1.01136
1.01195
1.04934
1.00116
1.01052
0.994984
1.02465
1.00323
1.01767
0.998199
0.996787
1.03537
0.967865
1.02681
1.00922
1.0142
1.0152
1.00358
0.995065
1.01893
1.00515
1.0163
0.986776
0.988909
0.999101
1.00205
1.00552
1.01479
1.00942
1.01144
1.01169
1.00418
1.00642
1.01376
1.00321
0.992607
1.02292
0.992537
0.982097
0.987651
0.992342
0.987343
0.985729
1.01767
1.01647
1.0014
1.00977
0.998356
1.00325
0.996906
1.00464
1.01223
1.00558
0.977953
1.0068
0.98579
1.00143
0.98191
1.00573
0.972797
1.02762
0.979983
1.00626
1.01041
1.02567
0.987038
1.00291
1.01148
1.0052
1.01167
0.991884
1.00585
1.05439
1.01714
0.970955
1.02168
0.999236
0.998432
0.98548
0.992676
1.0241
0.997072
0.995584
0.974947
1.00525
0.999527
1.01597
1.01099
0.99636
0.984505
1.02148
0.981806
0.995995
1.0029
1.00837
1.00156
1.01957
0.981796
0.995741
1.00738
1.00779
1.02492
1.01902
0.986954
1.00763
0.993331
0.991725
1.01537
1.00012
1.01542
1.01518
1.00879
1.01291
1.02591
1.01067
1.01004
0.993875
1.0232
0.997072
1.00125
0.995818
1.00203
1.02473
1.00321
1.02407
0.996804
1.00068
0.993672
0.99471
1.00811
1.00601
0.99911
1.01837
1.01104
1.02419
1.00337
1.01519
1.02392
1.00506
1.02329
1.03061
1.02505
1.01383
1.00615
1.00736
1.00031
1.01888
1.0115
1.01281
1.01515
0.999033
0.98074
1.00913
1.01473
1.04667
0.998008
1.00184
1.03711
1.00447
0.992404
1
1.01504
0.999386
1.00553
1.03006
1.00013
1.00242
0.998397
1.03211
0.976799
0.991983
1.00882
1.00237
1.00475
0.989159
1.01389
1.00341
1.0099
1.00827
1.00145
1.01905
1.01312
1.02611
1.00884
1.02141
1.00304
0.987307
1.018
1.00528
0.988854
0.998358
0.99742
1.00127
1.00032
1.00847
1.01321
1.00492
0.988264
1.00305
1.01877
0.999138
0.983905
1.01377
1.03945
1.00374
1.00022
0.976408
1.02048
0.999503
0.99839
0.981795
1.01241
0.995539
1.00058
1.0086
0.995466
1.03736
0.981163
1.00407
1.02962
0.997762
1.00459
1.01767
0.988644
0.989033
0.992829
0.977969
0.992439
1.01216
1.01603
1.01398
1.00485
0.989263
0.996664
0.978455
1.00171
0.989892
1.00857
0.994801
0.996756
1.01521
1.02914
1.01236
0.991422
0.989525
0.996835
1.02333
1.02903
0.976291
1.02943
1.02801
1.00016
0.997731
0.992907
1.00044
0.990169
1.00141
0.996044
1.01004
1.00388
0.990402
0.990912
0.99955
0.990405
1.0087
0.989828
0.978505
1
0.998552
0.996831
1.02074
0.997402
1.0105
0.988227
0.995231
1.00592
0.989863
1.01707
1.00269
0.993912
0.998341
1.0077
1.00421
0.991042
0.977233
0.992008
0.980425
1.0438
0.99641
0.997006
0.98637
1.01229
1.01219
1.00917
0.983236
1.0075
0.992122
0.995916
1.02254
1.0167
0.986627
0.999317
0.993667
1.00033
0.998511
0.996016
0.993531
0.988148
1.00685
1.03797
1.00091
0.985205
1.02677
1.00769
1.00041
0.998179
1.01129
1.00388
1.00814
1.01136
1.01901
1.01588
1.0233
1.00276
1.03044
0.986951
1.00569
1.01553
1.01767
0.994826
0.994511
0.989899
0.9916
1.00172
0.996739
0.981291
1.02881
1.00985
1.00077
0.993838
0.999889
0.985141
1.00682
1.01671
0.985185
1.02972
1.00267
1.02526
0.999054
1.00764
0.997398
0.994833
1.00796
0.986267
1.00087
1.00991
1.00695
1.00441
1.03038
1.0111
1.00867
1.01169
0.997164
1.02171
1.01936
0.995129
1.00197
1.0087
1.02092
0.996162
1.02317
0.995142
1.00686
1.01284
1.03767
1.00035
1.01193
0.991672
0.991616
1.00859
0.985333
1.01571
0.99901
1.00751
1.00436
0.992858
1.00081
1.02733
0.984675
1.01952
1.0015
1.02491
1.00841
1.01097
1.01257
0.98687
1.01043
1.0084
0.995953
0.979969
1.00033
0.991784
0.994858
0.991085
1.02269
0.990874
1.00344
1.02381
1.00085
1.00474
0.987393
1.00754
1.00965
1.00678
1.03032
1.00737
0.996772
1.00285
1.00086
0.999146
1.0255
1.00143
1.00413
1.0192
1.0175
1.00423
1.00762
1.00181
0.982734
0.991218
0.994684
0.988744
1.00046
1.0036
0.98353
1.01798
1.01085
1.00101
1.01466
0.99302
1.0011
1.02132
1.00772
1.00005
1.00476
0.983683
1.03022
0.998493
1.00883
1.01157
1.01065
1.01835
1.00061
1.00005
1.01931
1.02951
1.01195
0.977037
1.00324
0.990829
1.01445
0.981872
1.00564
1.0018
1.00299
1.02089
1.01597
0.995901
1.01158
0.99385
1.00401
1.03548
1.02384
1.00807
1.0321
1.01286
1.0085
0.979724
0.999439
0.994551
1.02904
1.03747
1.00164
1.01641
0.994563
1.01538
1.00211
0.994535
1.00613
1.00906
1.00176
1.02288
1.01292
0.990083
1.00836
1.01824
0.996146
0.994206
1.00905
1.00649
1.03459
0.992767
1.00806
1.01339
0.985183
1.02035
0.995123
1.01708
0.995889
1.00936
1.01135
1.00961
0.995732
0.988326
0.985652
1.04149
0.99591
0.998547
1.00777
1.00939
1.01498
1.00484
0.987352
1.01337
0.996637
1.02736
0.986022
1.00571
0.994349
1.01054
0.99688
0.983009
1.01749
0.982295
1.00588
0.97849
1.01232
0.987045
0.995026
1.00983
0.988127
1.00272
0.991082
1.00069
0.987489
0.995163
1.00757
1.03265
0.997009
0.979445
0.997208
0.984688
1.02516
1.01349
1.0282
0.987267
1.01151
0.9854
1.00276
1.01243
1.00243
1.00873
1.02704
1.01789
1.00607
1.00644
1.00235
0.989752
0.983764
0.996098
1.01508
1.008
1.00844
0.996374
1.01249
1.02393
1.02381
0.990841
1.01099
1.0166
1.02094
1.01291
0.99704
1.00886
1.02387
0.990702
0.989618
1.01375
1.01485
1.00732
0.976933
1.01485
1.00205
0.991062
1.0222
0.974125
1.04109
1.0127
0.996263
0.988451
1.0131
0.984757
0.982378
0.992613
0.993886
0.996365
0.998441
0.968345
1.03867
1.00113
1.02899
0.981743
0.99755
0.98091
1.01704
0.997291
0.987239
1.01422
0.994129
0.992231
1.01665
1.00876
0.995013
0.99725
1.01105
0.992999
0.986059
0.992801
1.00987
1.01757
0.982562
0.976148
1.02312
1.00795
1.02747
1.02455
0.996986
1.01035
0.998357
0.990527
0.998737
1.01101
1.00216
1.02552
0.990246
0.998063
0.993725
1.02318
1.01054
1.02433
0.993628
0.985638
1.02238
1.00433
1.01657
0.98152
0.995268
1.02876
1.01283
1.00711
0.97135
0.992416
1.0096
0.980555
0.982382
1.01551
0.976001
1.01864
0.995654
1.01309
1.02676
1.02162
1.01355
1.00273
1.00936
0.990005
0.997971
1.01946
1.01908
1.0362
1.01295
1.00356
1.00339
1.01271
0.982753
1.00496
1.00518
1.01493
0.976998
1.00823
1.00474
0.982899
1.00966
1.03705
0.996631
1.00564
0.997583
0.989498
0.988141
1.01234
0.996367
0.991368
1.02012
0.999373
1.0265
0.974552
1.01166
1.00973
1.02964
0.987816
0.986557
0.973924
0.988077
0.995322
1.02529
1.02571
1.00934
0.993779
0.99572
1.00964
1.0156
0.987922
1.0361
1.01383
0.986347
1.01564
1.02938
0.978363
0.989744
0.987085
1.00257
1.01962
1.0039
1.01461
1.04006
0.998764
1.01532
1.01339
0.994904
0.99014
1.00252
1.00457
0.994868
1.00025
1.00179
1.00248
1.01123
1.03228
1.01006
1.02699
1.02918
1.0085
1.00071
0.996954
1.02253
1.00106
1.01486
0.99271
1.01025
0.989337
1.02605
1.0166
1.00438
1.03275
0.996497
1.0081
0.998111
1.00991
0.981447
0.971674
0.993075
1.0041
0.997743
1.00433
0.992735
1.00717
1.01352
0.983825
1.01354
1.00966
1.01077
1.01676
0.995225
1.01309
1.00228
0.990879
1.01073
0.99184
1.00254
1.00596
0.981707
1.01451
1.01228
0.984689
0.98624
1.02657
1.00414
0.984599
0.995584
0.98193
1.00468
1.02602
1.01757
0.989248
1.01228
1.01173
1.00677
0.993807
0.982907
0.984388
1.02403
0.991682
1.0077
0.981783
1.0121
1.01928
0.990262
1.01305
1.01295
1.01077
1.00101
1.00365
1.02632
0.982327
0.991336
1.01917
0.97814
0.995555
0.964037
1.00909
1.00576
0.999504
1.01505
1.00747
1.02065
1.01291
1.01472
1.01361
1.01773
0.99205
1.00062
1.02049
1.01215
1.01153
0.996879
1.00519
1.00766
0.999842
1.00976
0.987663
0.978444
1.00722
1.00431
1.0037
1.02169
0.999028
1.03759
1.02616
0.976673
1.02083
0.994547
1.0213
0.999227
1.01588
0.982292
0.991906
1.00312
1.04359
0.990309
1.00219
0.999778
1.00708
1.0125
1.00474
0.994422
0.985558
0.979581
1.01834
1.00244
1.00665
1.00901
0.984218
1.01456
0.991276
0.987963
0.999248
1.00011
1.0077
1.00659
1.00373
1.00232
1.04109
0.984133
1.01928
1.00668
1.00057
0.996343
1.00647
0.990473
0.99674
0.98168
0.999484
1.02292
1.02198
1.00377
0.995143
0.995569
0.994451
0.984452
0.987801
1.0004
0.997554
1.00632
1.00768
1.01426
1.01467
1.03287
1.00012
0.999807
1.01605
1.00484
0.998389
1.01754
1.00047
0.99905
1.00247
1.00155
1.00775
1.01366
1.00155
0.973343
0.995909
1.00334
1.00282
1.01954
0.986508
0.975606
1.02381
1.03169
1.0348
1.01482
1.03283
0.994617
0.994707
1.01183
0.997945
1.0003
1.01176
1.02637
0.999887
1.01515
1.01494
1.02562
0.998475
1.01814
0.998718
1.02802
1.00683
1.00855
1.00697
1.00687
0.97133
1.01176
1.00238
1.01015
1.03168
1.02368
0.98841
0.990741
1.01742
1.01488
1.02163
0.985899
0.989247
1.01277
0.986888
0.991301
0.998634
0.99512
1.00452
1.00963
1.02684
1.02431
1.00739
0.989529
1.00702
0.993485
1.01408
0.99712
1.01442
1.01372
0.989518
1.03341
0.991806
1.01084
0.990302
0.988392
1.01968
1.00392
0.993888
0.976018
0.99839
1.01248
1.02666
1.01967
1.00233
0.994711
1.0011
1.02087
0.982818
0.99059
0.988706
1.02478
0.981677
0.992485
0.989747
1.01333
0.975067
0.982186
1.00086
0.990323
1.02011
0.994749
1.00895
1.01539
1.01111
1.00218
1.00618
1.041
0.996277
1.00318
1.01114
1.02348
0.998946
1.02962
1.014
1.04467
0.999022
0.996623
0.993112
1.00701
0.977499
1.03683
1.01566
1.00039
0.99865
1.00279
0.973851
0.993939
0.998712
1.00844
1.00638
0.996341
1.00572
0.987555
1.00007
1.00945
1.00183
0.996446
1.00313
1.02808
1.01562
