-0.994388
-0.984049
-1.00601
-1.00429
-1.02829
-1.0533
-1.08284
-1.12613
-1.15494
-1.16017
-1.16529
-1.16791
-1.15811
-1.17003
-1.16319
-1.16773
-1.1627
-1.17136
-1.18428
-1.18018
-1.18228
-1.17995
-1.1783
-1.19193
-1.18871
-1.19246
-1.1871
-1.19478
-1.20252
-1.20103
-1.20033
-1.20472
-1.20664
-1.21471
-1.20716
-1.21567
-1.20501
-1.21397
-1.21326
-1.21478
-1.21056
-1.21526
-1.21577
-1.21801
-1.22119
-1.22327
-1.22768
-1.22819
-1.21782
-1.21567
-1.22092
-1.22945
-1.22863
-1.22938
-1.23913
-1.2339
-1.23029
-1.23155
-1.22907
-1.23601
-1.23875
-1.23241
-1.23687
-1.23844
-1.23926
-1.24042
-1.24153
-1.24013
-1.24592
-1.24097
-1.24523
-1.24573
-1.25514
-1.25855
-1.24675
-1.25469
-1.25525
-1.259
-1.25556
-1.25951
-1.26342
-1.25799
-1.26187
-1.26383
-1.26389
-1.26311
-1.26485
-1.26669
-1.26643
-1.26418
-1.26419
-1.26618
-1.26369
-1.26985
-1.26145
-1.26655
-1.26342
-1.26683
-1.2644
-1.26492
-1.26881
-1.26454
-1.26653
-1.26542
-1.26679
-1.26509
-1.2651
-1.26545
-1.26797
-1.26589
-1.2628
-1.26424
-1.26692
-1.26571
-1.26681
-1.26693
-1.26961
-1.26272
-1.26747
-1.26638
-1.2653
-1.26203
-1.26589
-1.26651
-1.26465
-1.26565
-1.26759
-1.26449
-1.27235
-1.26558
-1.26875
-1.26605
-1.26889
-1.26682
-1.26379
-1.26846
-1.26582
-1.26838
-1.26905
-1.2677
-1.26982
-1.26541
-1.26333
-1.26768
-1.26472
-1.26325
-1.26649
-1.2698
-1.2666
-1.26743
-1.26509
-1.26781
-1.26557
-1.26694
-1.27014
-1.27069
-1.26978
-1.27268
-1.26723
-1.26938
-1.26876
-1.26548
-1.2671
-1.2666
-1.26618
-1.26619
-1.26963
-1.26657
-1.27047
-1.26785
-1.26759
-1.26919
-1.2674
-1.26861
-1.26893
-1.26783
-1.2628
-1.26801
-1.26678
-1.27256
-1.2706
-1.26677
-1.2649
-1.27074
-1.26576
-1.26592
-1.27088
-1.2694
-1.26653
-1.26793
-1.26932
-1.26625
-1.267
-1.26779
-1.26973
-1.27145
-1.26834
-1.26979
-1.26686
-1.27015
-1.26947
-1.26974
-1.26841
-1.26461
-1.26726
-1.26814
-1.267
-1.26769
-1.26529
-1.27034
-1.26862
-1.26632
-1.26996
-1.26745
-1.26773
-1.27034
-1.26914
-1.26535
-1.26851
-1.27066
-1.27007
-1.27288
-1.26839
-1.26891
-1.2671
-1.26573
-1.272
-1.27025
-1.27092
-1.26832
-1.26809
-1.2677
-1.26989
-1.26906
-1.26498
-1.27101
-1.26751
-1.27213
-1.27071
-1.26801
-1.27022
-1.26702
-1.27167
-1.2665
-1.26813
-1.27193
-1.27108
-1.27058
-1.268
-1.27057
-1.26816
-1.26705
-1.27045
-1.27185
-1.26611
-1.27068
-1.26548
-1.26855
-1.26467
-1.26959
-1.26907
-1.27132
-1.26649
-1.26604
-1.26619
-1.26608
-1.26653
-1.2698
-1.26973
-1.26827
-1.27103
-1.2695
-1.2704
-1.26528
-1.2699
-1.26903
-1.26843
-1.26835
-1.27099
-1.26929
-1.26592
-1.27141
-1.26942
-1.26988
-1.26637
-1.26837
-1.26821
-1.26953
-1.26966
-1.26988
-1.27016
-1.27006
-1.26612
-1.27107
-1.26651
-1.26758
-1.26962
-1.26786
-1.26687
-1.26491
-1.2685
-1.26748
-1.26973
-1.26877
-1.26664
-1.27055
-1.26752
-1.26724
-1.26613
-1.26912
-1.26671
-1.26829
-1.26929
-1.26637
-1.26914
-1.26634
-1.27004
-1.27262
-1.2678
-1.26938
-1.27274
-1.26886
-1.26917
-1.26878
-1.26955
-1.26836
-1.26904
-1.26863
-1.26846
-1.26942
-1.26796
-1.26759
-1.26562
-1.26715
-1.27129
-1.27407
-1.26759
-1.27025
-1.2656
-1.26765
-1.26672
-1.27098
-1.27064
-1.26878
-1.26674
-1.26787
-1.26866
-1.26991
-1.27087
-1.26686
-1.26997
-1.26658
-1.26722
-1.27065
-1.27043
-1.26531
-1.26529
-1.26996
-1.2691
-1.27022
-1.27116
-1.26458
-1.26929
-1.26661
-1.26963
-1.26827
-1.272
-1.26847
-1.2677
-1.27179
-1.26932
-1.2668
-1.26944
-1.26918
-1.27006
-1.27304
-1.27363
-1.27063
-1.27116
-1.26973
-1.26729
-1.27096
-1.26868
-1.27179
-1.26705
-1.26764
-1.26874
-1.2692
-1.26729
-1.26816
-1.27089
-1.26747
-1.26997
-1.267
-1.26655
-1.269
-1.27192
-1.26914
-1.2687
-1.27167
-1.26808
-1.26819
-1.26906
-1.27303
-1.26966
-1.26886
-1.26833
-1.26967
-1.26829
-1.26755
-1.26789
-1.2713
-1.26943
-1.27184
-1.27019
-1.26886
-1.26944
-1.26981
-1.26622
-1.26488
-1.26561
-1.27255
-1.2718
-1.26678
-1.26779
-1.27022
-1.26877
-1.26942
-1.27204
-1.26903
-1.26994
-1.27003
-1.26825
-1.27065
-1.26782
-1.26937
-1.26921
-1.26962
-1.26854
-1.27071
-1.27105
-1.26899
-1.26961
-1.27156
-1.26991
-1.26734
-1.26961
-1.27251
-1.27028
-1.27123
-1.26574
-1.27076
-1.26771
-1.27085
-1.26896
-1.27053
-1.26856
-1.26646
-1.27045
-1.26965
-1.26995
-1.26497
-1.26856
-1.26901
-1.26835
-1.27138
-1.26948
-1.26859
-1.271
-1.2681
-1.27136
-1.26862
-1.27082
-1.27012
-1.27095
-1.27157
-1.26821
-1.27043
-1.26753
-1.26626
-1.27111
-1.26795
-1.26685
-1.26962
-1.26846
-1.27156
-1.26871
-1.26585
-1.26927
-1.26927
-1.2708
-1.26937
-1.26918
-1.2715
-1.26906
-1.26917
-1.27082
-1.27042
-1.27057
-1.27118
-1.27024
-1.27157
-1.26997
-1.27006
-1.26823
-1.27228
-1.27295
-1.26736
-1.27428
-1.27071
-1.27033
-1.27149
-1.26956
-1.2732
-1.26926
-1.27071
-1.26832
-1.27239
-1.27163
-1.27063
-1.27278
-1.26939
-1.26909
-1.27188
-1.26914
-1.26991
-1.26786
-1.26903
-1.27114
-1.2674
-1.27028
-1.26816
-1.27096
-1.27051
-1.26704
-1.26916
-1.27067
-1.27013
-1.26609
-1.27134
-1.27087
-1.27163
-1.27192
-1.2686
-1.26982
-1.26704
-1.27087
-1.26668
-1.27083
-1.26883
-1.272
-1.26908
-1.27127
-1.27147
-1.27071
-1.26918
-1.27053
-1.27119
-1.27081
-1.26841
-1.26921
-1.26914
-1.27126
-1.27069
-1.27189
-1.26718
-1.26974
-1.27134
-1.2675
-1.2685
-1.27156
-1.27212
-1.26749
-1.27323
-1.27118
-1.26738
-1.26974
-1.26998
-1.27186
-1.26979
-1.26759
-1.27347
-1.26927
-1.26846
-1.27023
-1.27177
-1.26968
-1.27225
-1.27257
-1.26753
-1.27086
-1.27023
-1.27029
-1.27192
-1.27016
-1.27112
-1.27105
-1.2708
-1.26694
-1.26779
-1.27337
-1.26924
-1.26906
-1.26602
-1.27059
-1.27064
-1.27035
-1.27115
-1.26791
-1.26715
-1.27296
-1.26922
-1.26932
-1.27111
-1.27161
-1.26837
-1.26805
-1.26627
-1.26973
-1.26885
-1.26746
-1.26932
-1.27199
-1.27097
-1.27012
-1.26972
-1.27041
-1.26697
-1.27269
-1.27347
-1.26756
-1.2702
-1.27133
-1.27136
-1.27174
-1.27314
-1.2689
-1.26837
-1.27204
-1.26883
-1.26853
-1.27191
-1.26979
-1.27282
-1.26909
-1.27276
-1.26987
-1.26921
-1.27105
-1.26948
-1.27032
-1.26904
-1.26991
-1.26874
-1.27313
-1.26914
-1.27043
-1.27285
-1.27237
-1.27095
-1.27222
-1.27075
-1.26995
-1.26947
-1.27014
-1.26913
-1.27014
-1.26725
-1.26949
-1.27181
-1.26938
-1.27162
-1.27111
-1.27069
-1.27003
-1.26815
-1.27118
-1.27048
-1.27081
-1.26739
-1.26953
-1.2701
-1.27047
-1.27205
-1.27325
-1.26952
-1.269
-1.26773
-1.27294
-1.26904
-1.2686
-1.27027
-1.27055
-1.27016
-1.27094
-1.27276
-1.27131
-1.26977
-1.26909
-1.272
-1.26883
-1.27126
-1.26986
-1.27099
-1.27397
-1.27081
-1.27082
-1.27144
-1.26989
-1.26947
-1.27087
-1.26733
-1.27153
-1.26774
-1.27009
-1.26698
-1.27096
-1.27089
-1.26635
-1.27194
-1.26798
-1.27486
-1.2688
-1.27035
-1.27136
-1.26912
-1.26987
-1.26788
-1.26902
-1.27001
-1.2709
-1.27044
-1.27139
-1.27163
-1.27098
-1.27057
-1.26772
-1.26998
-1.26825
-1.27013
-1.27043
-1.27049
-1.27336
-1.27064
-1.26858
-1.26982
-1.27105
-1.26853
-1.27138
-1.27187
-1.27266
-1.27192
-1.27349
-1.27139
-1.26935
-1.27383
-1.26908
-1.27149
-1.27344
-1.27047
-1.26992
-1.26917
-1.27195
-1.27058
-1.27082
-1.2724
-1.26966
-1.26877
-1.27046
-1.27099
-1.27031
-1.26987
-1.27024
-1.27155
-1.26882
-1.27179
-1.27091
-1.26994
-1.27133
-1.27093
-1.27269
-1.27319
-1.2707
-1.26974
-1.26959
-1.27266
-1.27052
-1.27368
-1.27301
-1.27124
-1.26997
-1.27129
-1.27029
-1.26998
-1.27032
-1.26872
-1.27137
-1.27101
-1.27059
-1.27043
-1.27044
-1.26842
-1.27023
-1.2702
-1.27251
-1.27035
-1.27038
-1.27048
-1.27147
-1.26869
-1.27029
-1.27111
-1.27046
-1.26832
-1.27263
-1.27003
-1.26863
-1.27176
-1.27342
-1.27026
-1.27086
-1.27186
-1.27092
-1.26743
-1.27046
-1.27047
-1.2707
-1.27215
-1.27231
-1.27181
-1.26856
-1.27038
-1.27121
-1.27157
-1.26937
-1.27188
-1.26989
-1.26766
-1.26792
-1.27247
-1.27214
-1.27217
-1.26729
-1.27
-1.26986
-1.26864
-1.26854
-1.2698
-1.27136
-1.27008
-1.27161
-1.27124
-1.2717
-1.26961
-1.26994
-1.26797
-1.26963
-1.27189
-1.27064
-1.2704
-1.26868
-1.27068
-1.2706
-1.27198
-1.27258
-1.27035
-1.27191
-1.26803
-1.27016
-1.27091
-1.27018
-1.27285
-1.27261
-1.27182
-1.27094
-1.27267
-1.26944
-1.27201
-1.26913
-1.27315
-1.27236
-1.2682
-1.26971
-1.26965
-1.26917
-1.26943
-1.27167
-1.26968
-1.27092
-1.27254
-1.27214
-1.27158
-1.27384
-1.2724
-1.27287
-1.2692
-1.27021
-1.27305
-1.27068
-1.26988
-1.26728
-1.27021
-1.2708
-1.2725
-1.27115
-1.27121
-1.27
-1.27076
-1.26955
-1.27116
-1.27066
-1.26883
-1.27064
-1.26905
-1.26936
-1.27185
-1.27134
-1.27182
-1.26805
-1.26897
-1.26951
-1.27067
-1.2692
-1.27101
-1.26957
-1.26959
-1.27108
-1.26995
-1.27115
-1.27184
-1.27066
-1.27099
-1.27372
-1.27211
-1.27118
-1.2696
-1.27229
-1.27174
-1.26952
-1.27038
-1.27375
-1.27217
-1.27004
-1.27018
-1.26887
-1.27046
-1.27341
-1.27288
-1.27042
-1.27187
-1.27008
-1.26964
-1.26986
-1.2718
-1.27108
-1.27117
-1.27029
-1.27079
-1.27164
-1.27108
-1.2729
-1.27012
-1.27189
-1.26837
-1.26883
-1.27164
-1.27214
-1.27177
-1.26927
-1.27009
-1.27129
-1.27103
-1.27093
-1.2698
-1.26962
-1.26908
-1.26991
-1.2691
-1.27028
-1.27246
-1.27001
-1.26858
-1.26874
-1.27147
-1.27018
-1.26997
-1.27305
-1.26872
-1.2709
-1.26972
-1.27048
-1.27097
-1.27108
-1.2713
-1.27235
-1.26967
-1.27145
-1.27215
-1.27179
-1.27132
-1.27156
-1.27031
-1.2739
-1.27026
-1.26887
-1.27351
-1.27059
-1.27238
-1.26952
-1.27114
-1.27272
-1.27025
-1.27126
-1.2722
-1.26977
-1.27128
-1.26781
-1.27121
-1.27103
-1.26961
-1.27113
-1.27019
-1.27157
-1.26861
-1.26943
-1.27291
-1.27153
-1.26926
-1.27154
-1.27118
-1.27168
-1.27213
-1.27219
-1.27193
-1.27125
-1.27294
-1.27173
-1.27019
-1.27138
-1.27163
-1.27155
-1.27213
-1.27007
-1.26997
-1.27259
-1.26724
-1.26986
-1.26993
-1.2698
-1.26991
-1.26945
-1.26909
-1.27288
-1.27155
-1.27138
-1.2719
-1.27132
-1.27058
-1.27111
-1.27025
-1.27368
-1.27314
-1.2676
-1.27078
-1.26985
-1.27321
-1.27188
-1.27045
-1.27428
-1.27155
-1.2708
-1.27259
-1.27175
-1.27228
-1.27121
-1.27202
-1.27184
-1.27175
-1.27097
-1.27404
-1.27028
-1.26787
-1.27339
-1.27204
-1.27167
-1.2712
-1.27106
-1.27342
-1.26983
-1.27133
-1.27086
-1.27567
-1.27519
-1.27361
-1.27079
-1.27
-1.26974
-1.27124
-1.26934
-1.27017
-1.26916
-1.27128
-1.2725
-1.27163
-1.26991
-1.27195
-1.27299
-1.26915
-1.27519
-1.27341
-1.27379
-1.27178
-1.27105
-1.27108
-1.26879
-1.27276
-1.2728
-1.27339
-1.27086
-1.27182
-1.26911
-1.27005
-1.27148
-1.27043
-1.27058
-1.2707
-1.26974
-1.27196
-1.273
-1.2722
-1.26998
-1.26956
-1.2691
-1.27293
-1.27123
-1.27272
-1.27245
-1.27297
-1.2688
-1.27154
-1.27146
-1.27291
-1.26868
-1.27069
-1.26971
-1.27103
-1.27125
-1.27074
-1.27032
-1.27224
-1.27096
-1.27101
-1.27105
-1.27089
-1.27117
-1.26888
-1.27055
-1.27091
-1.27448
-1.27133
-1.27179
-1.26981
-1.27202
-1.27176
-1.26939
-1.2723
-1.27412
-1.27222
-1.27093
-1.27105
-1.27148
-1.27091
-1.27097
-1.27266
-1.27012
-1.26958
-1.26918
-1.27265
-1.27063
-1.27071
-1.2729
-1.27118
-1.27169
-1.26995
-1.27095
-1.2693
-1.27148
-1.27115
-1.27024
-1.27083
-1.27154
-1.27047
-1.27249
-1.27066
-1.27037
-1.27227
-1.27282
-1.27239
-1.2706
-1.27055
-1.26983
-1.27266
-1.2701
-1.26995
-1.27097
-1.26941
-1.27047
-1.27189
-1.27299
-1.27263
-1.27076
-1.26945
-1.26941
-1.27339
-1.26968
-1.27118
-1.27319
-1.26889
-1.27175
-1.271
-1.27117
-1.27064
-1.27245
-1.27164
-1.27123
-1.27241
-1.27285
-1.27072
-1.27029
-1.27103
-1.27101
-1.27049
-1.27318
-1.27082
-1.27066
-1.27359
-1.26869
-1.27271
-1.2706
-1.27172
-1.27122
-1.27202
-1.27025
-1.27159
-1.27024
-1.27068
-1.27239
-1.27088
-1.26993
-1.27203
-1.26958
-1.27066
-1.27028
-1.27091
-1.27099
-1.27311
-1.27179
-1.27479
-1.26865
-1.27075
-1.27251
-1.27146
-1.27152
-1.27223
-1.27194
-1.27219
-1.2732
-1.27318
-1.27123
-1.26979
-1.26959
-1.2691
-1.27214
-1.27118
-1.2735
-1.27114
-1.26931
-1.27152
-1.27082
-1.27205
-1.27098
-1.27187
-1.27228
-1.27098
-1.27129
-1.2692
-1.26891
-1.27205
-1.27433
-1.27252
-1.27129
-1.27104
-1.27181
-1.26963
-1.27216
-1.2716
-1.26996
-1.27335
-1.27087
-1.27086
-1.27236
-1.27041
-1.27196
-1.27063
-1.27218
-1.27209
-1.2713
-1.2688
-1.27117
-1.27093
-1.26986
-1.26973
-1.27126
-1.27275
-1.27229
-1.27171
-1.27107
-1.27378
-1.2719
-1.27057
-1.27056
-1.27114
-1.27253
-1.2721
-1.27217
-1.27274
-1.27247
-1.27214
-1.27181
-1.27399
-1.27261
-1.27048
-1.2719
-1.26909
-1.27012
-1.27112
-1.27098
-1.27103
-1.27063
-1.27082
-1.26983
-1.27248
-1.27027
-1.27062
-1.27129
-1.27101
-1.27146
-1.2716
-1.26864
-1.27125
-1.27106
-1.27426
-1.27091
-1.27244
-1.27172
-1.27099
-1.27069
-1.27061
-1.27106
-1.27006
-1.27021
-1.27284
-1.27053
-1.27154
-1.27174
-1.27049
-1.2695
-1.27093
-1.26915
-1.27324
-1.2713
-1.27183
-1.27356
-1.27085
-1.27225
-1.26929
-1.27319
-1.27075
-1.26916
-1.27098
-1.27174
-1.27271
-1.2727
-1.27074
-1.27234
-1.27047
-1.26989
-1.27089
-1.27137
-1.27141
-1.27078
-1.27136
-1.27022
-1.27259
-1.27231
-1.27025
-1.27294
-1.27127
-1.27032
-1.27056
-1.27002
-1.27171
-1.2715
-1.27039
-1.27188
-1.27144
-1.27124
-1.27284
-1.27103
-1.26932
-1.2707
-1.27238
-1.271
-1.27316
-1.2712
-1.27339
-1.27181
-1.27164
-1.27036
-1.27231
-1.27089
-1.27131
-1.26971
-1.27102
-1.27227
-1.2727
-1.27081
-1.27133
-1.27253
-1.26781
-1.27053
-1.27118
-1.2717
-1.27073
-1.26944
-1.2723
-1.26964
-1.27079
-1.27045
-1.27058
-1.27291
-1.26948
-1.26887
-1.27254
-1.27067
-1.27008
-1.27133
-1.27086
-1.27268
-1.26916
-1.27208
-1.2722
-1.27033
-1.27173
-1.26987
-1.27009
-1.2716
-1.27117
-1.27027
-1.27369
-1.26811
-1.27326
-1.27099
-1.27185
-1.27379
-1.27353
-1.27047
-1.26904
-1.2705
-1.27048
-1.26888
-1.27149
-1.26786
-1.27241
-1.27081
-1.27362
-1.27114
-1.26961
-1.27012
-1.27067
-1.27221
-1.27328
-1.27118
-1.2709
-1.27149
-1.2694
-1.2713
-1.26931
-1.26833
-1.27058
-1.2704
-1.27194
-1.27193
-1.26932
-1.2735
-1.26882
-1.27157
-1.2721
-1.27264
-1.27364
-1.27055
-1.27011
-1.26789
-1.2716
-1.27295
-1.27065
-1.26936
-1.27073
-1.27288
-1.26782
-1.27118
-1.27247
-1.27013
-1.27246
-1.27062
-1.27059
-1.27199
-1.27291
-1.27337
-1.2715
-1.26841
-1.26912
-1.27404
-1.27184
-1.27274
-1.27297
-1.27225
-1.27074
-1.27175
-1.27225
-1.27158
-1.27018
-1.27274
-1.27026
-1.27093
-1.27135
-1.26915
-1.27086
-1.27078
-1.27085
-1.26981
-1.26869
-1.27127
-1.27281
-1.27031
-1.27284
-1.27124
-1.26951
-1.27167
-1.27202
-1.26997
-1.27256
-1.26953
-1.27057
-1.27188
-1.26948
-1.27202
-1.27227
-1.26855
-1.27241
-1.27109
-1.27202
-1.27079
-1.27303
-1.27186
-1.27134
-1.27053
-1.27046
-1.27263
-1.26919
-1.27078
-1.26995
-1.27277
-1.26935
-1.26668
-1.27045
-1.26894
-1.27319
-1.27248
-1.27267
-1.26962
-1.26998
-1.27334
-1.27129
-1.27065
-1.2716
-1.26925
-1.27089
-1.27094
-1.27157
-1.27071
-1.26876
-1.27047
-1.27072
-1.26958
-1.27225
-1.27088
-1.27065
-1.27004
-1.26998
-1.27058
-1.27115
-1.2699
-1.27022
-1.27198
-1.27047
-1.27327
-1.27168
-1.27442
-1.26793
-1.27195
-1.27337
-1.27217
-1.27289
-1.27112
-1.27254
-1.27145
-1.26994
-1.27048
-1.26989
-1.27033
-1.27187
-1.2694
-1.2731
-1.27026
-1.27082
-1.27147
-1.2718
-1.2738
-1.26886
-1.27092
-1.27074
-1.26892
-1.27251
-1.26811
-1.27088
-1.26903
-1.2721
-1.27079
-1.27157
-1.27034
-1.2723
-1.27046
-1.27053
-1.27223
-1.27233
-1.2695
-1.27155
-1.2714
-1.27045
-1.26985
-1.27139
-1.27194
-1.27173
-1.27235
-1.27057
-1.27148
-1.27149
-1.27271
-1.27236
-1.27184
-1.27036
-1.27115
-1.26966
-1.27133
-1.2744
-1.27081
-1.27049
-1.27005
-1.27106
-1.27267
-1.27347
-1.27299
-1.26904
-1.27059
-1.26869
-1.27058
-1.27057
-1.27302
-1.26962
-1.27057
-1.2732
-1.27042
-1.27129
-1.27139
-1.27206
-1.27129
-1.26929
-1.27028
-1.27231
-1.2714
-1.27234
-1.27149
-1.27014
-1.27001
-1.27012
-1.27021
-1.27057
-1.26864
-1.27042
-1.26941
-1.27135
-1.26898
-1.27265
-1.27092
-1.27072
-1.27048
-1.27022
-1.27208
-1.26959
-1.27191
-1.26963
-1.27265
-1.27198
-1.27121
-1.27486
-1.26858
-1.27213
-1.2729
-1.27261
-1.2715
-1.27164
-1.27279
-1.27118
-1.27039
-1.2732
-1.27277
-1.27255
-1.27198
-1.26953
-1.27288
-1.27223
-1.27326
-1.27187
-1.26978
-1.27257
-1.27086
-1.27066
-1.26953
-1.27021
-1.27129
-1.27233
-1.27045
-1.27194
-1.27147
-1.27026
-1.27347
-1.27223
-1.27078
-1.27284
-1.27204
-1.27073
-1.27292
-1.26988
-1.27193
-1.27165
-1.27246
-1.27119
-1.27231
-1.26909
-1.27235
-1.27133
-1.2697
-1.27177
-1.27132
-1.27092
-1.27083
-1.26931
-1.27433
-1.27043
-1.26967
-1.27292
-1.27075
-1.27102
-1.27053
-1.2729
-1.27039
-1.27106
-1.27339
-1.27145
-1.27199
-1.27073
-1.27115
-1.27045
-1.27179
-1.27156
-1.27089
-1.27135
-1.27213
-1.27274
-1.27025
-1.2706
-1.26865
-1.27055
-1.27121
-1.27258
-1.27139
-1.27236
-1.27183
-1.27074
-1.27008
-1.2706
-1.27035
-1.27074
-1.2717
-1.27092
-1.2708
-1.27108
-1.27308
-1.27365
-1.2725
-1.27331
-1.27144
-1.27034
-1.26869
-1.26911
-1.27373
-1.27077
-1.27315
-1.26993
-1.27092
-1.27129
-1.27298
-1.27017
-1.27029
-1.27178
-1.27159
-1.2697
-1.27108
-1.27331
-1.2713
-1.27179
-1.27265
-1.27366
-1.27092
-1.26999
-1.26911
-1.26909
-1.27472
-1.2728
-1.27229
-1.2692
-1.27037
-1.27356
-1.27177
-1.27123
-1.27234
-1.27172
-1.27077
-1.2729
-1.2731
-1.27101
-1.27285
-1.2728
-1.26974
-1.27067
-1.27262
-1.27218
-1.27121
-1.27177
-1.2727
-1.27208
-1.27105
-1.27197
-1.27279
-1.27328
-1.26898
-1.27163
-1.27137
-1.2698
-1.2688
-1.27231
-1.27177
-1.27018
-1.26932
-1.27067
-1.27085
-1.27341
-1.27005
-1.26997
-1.27048
-1.27147
-1.27055
-1.27115
-1.27386
-1.26995
-1.27195
-1.27062
-1.27256
-1.27151
-1.2698
-1.27012
-1.27147
-1.26892
-1.26908
-1.27272
-1.26935
-1.27227
-1.27246
-1.27135
-1.2706
-1.27263
-1.27015
-1.27042
-1.26987
-1.27102
-1.26991
-1.27086
-1.2702
-1.27165
-1.27108
-1.27076
-1.27071
-1.273
-1.26994
-1.27123
-1.2732
-1.27011
-1.26972
-1.26994
-1.27168
-1.26932
-1.27382
-1.26945
-1.27113
-1.27152
-1.27095
-1.27226
-1.27218
-1.26975
-1.27265
-1.27041
-1.2712
-1.27259
-1.27283
-1.27345
-1.27
-1.27133
-1.2719
-1.27217
-1.27089
-1.2712
-1.26975
-1.27069
-1.2724
-1.27058
-1.26925
-1.27166
-1.2708
-1.27031
-1.26894
-1.26948
-1.27273
-1.27082
-1.2711
-1.26961
-1.27237
-1.27262
-1.27111
-1.27015
-1.27181
-1.27211
-1.27023
-1.27017
-1.27085
-1.27124
-1.26981
-1.26703
-1.26951
-1.27237
-1.27254
-1.27109
-1.26862
-1.27059
-1.27128
-1.27054
-1.26794
-1.27077
-1.27252
-1.27332
-1.27137
-1.27058
-1.27127
-1.27084
-1.27164
-1.26998
-1.27173
-1.27136
-1.27206
-1.27097
-1.27159
-1.26921
-1.27094
-1.27141
-1.27191
-1.27147
-1.27098
-1.27534
-1.27173
-1.27052
-1.27287
-1.27089
-1.27153
-1.27111
-1.27165
-1.27101
-1.26851
-1.27169
-1.27001
-1.27249
-1.2729
-1.26998
-1.27321
-1.27117
-1.2722
-1.26959
-1.27367
-1.27043
-1.27156
-1.26869
-1.27307
-1.26951
-1.26925
-1.27045
-1.26766
-1.2713
-1.27082
-1.27141
-1.27171
-1.26956
-1.27099
-1.27075
-1.27443
-1.27011
-1.27131
-1.2716
-1.27306
-1.27101
-1.27276
-1.27097
-1.26935
-1.2719
-1.27084
-1.27088
-1.2731
-1.27119
-1.27166
-1.27119
-1.26924
-1.27198
-1.27102
-1.27294
-1.272
-1.27189
-1.27272
-1.27017
-1.27273
-1.27519
-1.2711
-1.26958
-1.27192
-1.2718
-1.2735
-1.27019
-1.26953
-1.27161
-1.27116
-1.27012
-1.26851
-1.27132
-1.26935
-1.27201
-1.27347
-1.2701
-1.27329
-1.27097
-1.26847
-1.27473
-1.27093
-1.27138
-1.27133
-1.27026
-1.27089
-1.27307
-1.27192
-1.2697
-1.27215
-1.27198
-1.27183
-1.27291
-1.27201
-1.27005
-1.27103
-1.27349
-1.27096
-1.27148
-1.26895
-1.27106
-1.27088
-1.27301
-1.27208
-1.27043
-1.27122
-1.27255
-1.27074
-1.27135
-1.27072
-1.27058
-1.27307
-1.27225
-1.27269
-1.27091
-1.27281
-1.2695
-1.2727
-1.27313
-1.26924
-1.26869
-1.27249
-1.27245
-1.27334
-1.27136
-1.27152
-1.2713
-1.27067
-1.27249
-1.27103
-1.27187
-1.27256
-1.27107
-1.2703
-1.27343
-1.27178
-1.27104
-1.27096
-1.27163
-1.27138
-1.27168
-1.27044
-1.27161
-1.27225
-1.27277
-1.27207
-1.27148
-1.26941
-1.27121
-1.27186
-1.27083
-1.26895
-1.2727
-1.27119
-1.27325
-1.27302
-1.27235
-1.27257
-1.2717
-1.27254
-1.27363
-1.273
-1.26984
-1.26854
-1.27243
-1.27034
-1.27345
-1.26882
-1.27094
-1.27056
-1.2714
-1.27183
-1.26969
-1.26876
-1.27289
-1.2721
-1.27164
-1.27107
-1.27213
-1.27144
-1.27259
-1.27194
-1.27103
-1.27217
-1.27145
-1.2699
-1.27173
-1.27315
-1.27149
-1.2692
-1.26989
-1.27135
-1.27176
-1.27095
-1.27255
-1.26985
-1.26954
-1.26976
-1.27188
-1.2706
-1.27278
-1.27083
-1.27076
-1.27077
-1.27375
-1.26956
-1.27297
-1.27039
-1.27174
-1.2721
-1.27228
-1.27315
-1.26984
-1.27357
-1.2697
-1.27151
-1.27013
-1.26985
-1.27239
-1.27418
-1.27081
-1.27292
-1.27021
-1.27216
-1.27211
-1.27069
-1.26935
-1.27116
-1.27077
-1.26887
-1.26972
-1.27149
-1.27253
-1.26884
-1.27229
-1.27032
-1.27302
-1.27075
-1.27102
-1.27143
-1.27323
-1.27227
-1.27298
-1.27193
-1.27188
-1.27381
-1.2704
-1.27012
-1.27315
-1.27203
-1.27033
-1.27121
-1.2737
-1.27087
-1.2713
-1.27302
-1.2702
-1.27191
-1.27072
-1.26884
-1.26764
-1.27031
-1.27027
-1.27196
-1.26976
-1.27195
-1.26918
-1.27065
-1.27217
-1.27304
-1.2699
-1.27246
-1.27064
-1.2719
-1.27269
-1.27131
-1.27042
-1.26919
-1.26702
-1.27216
-1.27285
-1.27287
-1.27273
-1.27187
-1.27143
-1.27041
-1.27344
-1.26938
-1.27434
-1.27163
-1.27035
-1.27147
-1.26999
-1.27077
-1.27044
-1.26878
-1.27114
-1.2715
-1.27217
-1.27317
-1.27049
-1.27242
-1.27096
-1.27219
-1.27102
-1.26906
-1.2724
-1.27021
-1.27082
-1.27223
-1.26917
-1.27117
-1.27095
-1.2693
-1.27231
-1.27007
-1.27251
-1.26991
-1.27143
-1.27016
-1.27264
-1.27037
-1.27012
-1.27171
-1.27127
-1.27109
-1.27198
-1.26932
-1.27243
-1.27202
-1.27213
-1.2724
-1.27065
-1.2737
-1.26949
-1.27099
-1.27286
-1.27228
-1.27083
-1.27085
-1.2719
-1.27141
-1.27079
-1.27378
-1.27005
-1.2699
-1.26898
-1.26959
-1.27213
-1.27199
-1.27395
-1.27236
-1.27367
-1.27131
-1.27014
-1.26872
-1.26892
-1.27151
-1.27066
-1.27186
-1.27201
-1.27282
-1.26963
-1.27006
-1.2725
-1.26956
-1.27195
-1.26876
-1.27132
-1.27142
-1.27245
-1.27138
-1.27112
-1.27231
-1.27211
-1.27058
-1.27314
-1.27197
-1.27427
-1.27288
-1.26984
-1.27329
-1.2725
-1.27108
-1.27155
-1.27302
-1.27119
-1.27165
-1.27236
-1.27159
-1.27308
-1.27123
-1.27132
-1.27147
-1.27149
-1.27421
-1.27149
-1.27138
-1.27328
-1.27252
-1.27214
-1.2711
-1.26835
-1.26947
-1.27052
-1.27209
-1.26904
-1.27207
-1.27175
-1.27075
-1.27309
-1.27098
-1.27124
-1.27093
-1.2714
-1.2712
-1.27009
-1.27134
-1.27229
-1.27068
-1.27228
-1.27174
-1.27256
-1.27167
-1.26962
-1.27029
-1.27152
-1.26997
-1.26914
-1.2713
-1.27157
-1.27285
-1.27042
-1.27166
-1.27155
-1.27211
-1.26987
-1.27091
-1.27128
-1.27162
-1.27212
-1.27169
-1.27283
-1.27139
-1.27183
-1.26975
-1.27072
-1.27172
-1.27179
-1.27151
-1.27043
-1.27058
-1.27052
-1.27292
-1.2719
-1.27012
-1.26818
-1.27001
-1.26925
-1.27125
-1.27153
-1.27327
-1.27131
-1.27116
-1.27203
-1.27314
-1.27227
-1.2725
-1.26936
-1.27154
-1.26945
-1.27322
-1.27231
-1.2708
-1.2727
-1.27349
-1.27175
-1.27294
-1.26996
-1.27404
-1.27224
-1.27083
-1.27252
-1.2724
-1.2717
-1.27206
-1.27187
-1.269
-1.27181
-1.27095
-1.26952
-1.26982
-1.26867
-1.27195
-1.27132
-1.2713
-1.27178
-1.27171
-1.26982
-1.27298
-1.27235
-1.27269
-1.2744
-1.27071
-1.27236
-1.26989
-1.27007
-1.27309
-1.26942
-1.27258
-1.27224
-1.27
-1.27066
-1.26802
-1.27262
-1.27339
-1.27006
-1.27075
-1.27024
-1.27091
-1.27199
-1.2731
-1.27361
-1.27304
-1.27161
-1.27193
-1.27229
-1.27151
-1.27069
-1.27162
-1.27131
-1.27001
-1.27059
-1.27165
-1.27195
-1.27139
-1.27337
-1.27244
-1.27046
-1.27134
-1.26965
-1.27093
-1.27284
-1.27003
-1.27258
-1.2721
-1.27112
-1.26957
-1.27167
-1.27135
-1.27298
-1.2731
-1.27044
-1.27168
-1.26977
-1.27111
-1.27173
-1.27178
-1.27232
-1.27266
-1.26974
-1.2689
-1.27093
-1.27127
-1.27039
-1.27274
-1.27174
-1.27303
-1.27122
-1.27359
-1.26908
-1.27195
-1.2708
-1.27356
-1.27146
-1.27243
-1.27236
-1.27122
-1.27272
-1.27043
-1.27231
-1.27237
-1.27189
-1.26981
-1.27112
-1.27222
-1.2721
-1.27214
-1.27116
-1.27249
-1.27046
-1.26937
-1.2731
-1.271
-1.27207
-1.27299
-1.27265
-1.27213
-1.27317
-1.2709
-1.27242
-1.26933
-1.2715
-1.27339
-1.27471
-1.27133
-1.26921
-1.27245
-1.27176
-1.27344
-1.27244
-1.27052
-1.27093
-1.27158
-1.27163
-1.27234
-1.27
-1.27146
-1.27165
-1.27291
-1.27285
-1.27064
-1.27089
-1.26975
-1.27185
-1.27285
-1.27001
-1.27166
-1.27136
-1.27039
-1.27439
-1.27316
-1.27069
-1.27461
-1.26974
-1.27213
-1.27319
-1.27326
-1.26941
-1.27103
-1.27066
-1.26944
-1.27141
-1.27057
-1.27294
-1.27078
-1.27323
-1.27104
-1.27172
-1.27049
-1.27304
-1.2717
-1.27126
-1.2711
-1.27238
-1.27197
-1.27184
-1.26972
-1.27058
-1.27177
-1.2726
-1.27217
-1.27355
-1.27202
-1.27314
-1.27268
-1.27335
-1.27146
-1.27132
-1.27298
-1.27036
-1.27449
-1.27317
-1.27088
-1.27046
-1.27287
-1.27046
-1.27056
-1.27163
-1.27288
-1.272
-1.27153
-1.27343
-1.2707
-1.27059
-1.27066
-1.27012
-1.27472
-1.27213
-1.27153
-1.27141
-1.27306
-1.27356
-1.2717
-1.2733
-1.27172
-1.27217
-1.27067
-1.27229
-1.27072
-1.27313
-1.27282
-1.27277
-1.27145
-1.26979
-1.2695
-1.27417
-1.27283
-1.27169
-1.27195
-1.2726
-1.27253
-1.27106
-1.27103
-1.27235
-1.27198
-1.27229
-1.27028
-1.26846
-1.27305
-1.26972
-1.27107
-1.27224
-1.27104
-1.27077
-1.27239
-1.27294
-1.26918
-1.27119
-1.27331
-1.27363
-1.26941
-1.27327
-1.27185
-1.271
-1.27024
-1.2714
-1.27229
-1.27013
-1.27085
-1.27099
-1.27126
-1.26998
-1.271
-1.27229
-1.2717
-1.27132
-1.27352
-1.27163
-1.27175
-1.2697
-1.26925
-1.27035
-1.27155
-1.27103
-1.27006
-1.27313
-1.27291
-1.27139
-1.27002
-1.27115
-1.2691
-1.27353
-1.27273
-1.27273
-1.27029
-1.27119
-1.27038
-1.27179
-1.27215
-1.27318
-1.27087
-1.27215
-1.27098
-1.27261
-1.2702
-1.2711
-1.26998
-1.27078
-1.26933
-1.27258
-1.26986
-1.27274
-1.27125
-1.27172
-1.27108
-1.27143
-1.27158
-1.27252
-1.27176
-1.27221
-1.26936
-1.26887
-1.27086
-1.27117
-1.27024
-1.27199
-1.27134
-1.27154
-1.26903
-1.27278
-1.26958
-1.27417
-1.27385
-1.26898
-1.26931
-1.27346
-1.2708
-1.26941
-1.27297
-1.27217
-1.27222
-1.26949
-1.27123
-1.27302
-1.27189
-1.27137
-1.27113
-1.27127
-1.27122
-1.26954
-1.27076
-1.27265
-1.26988
-1.27021
-1.27125
-1.26941
-1.27058
-1.27159
-1.27179
-1.27091
-1.27162
-1.27102
-1.27176
-1.26913
-1.26895
-1.27086
-1.27184
-1.27114
-1.26906
-1.27146
-1.26964
-1.27295
-1.26961
-1.27046
-1.27007
-1.26933
-1.27331
-1.27586
-1.27169
-1.27259
-1.27143
-1.2708
-1.27246
-1.27161
-1.27231
-1.27067
-1.27188
-1.27176
-1.27198
-1.27058
-1.27174
-1.2697
-1.27319
-1.2706
-1.27034
-1.27161
-1.27276
-1.27355
-1.26979
-1.27075
-1.27098
-1.27368
-1.2685
-1.26988
-1.27154
-1.27124
-1.27184
-1.26879
-1.27113
-1.2704
-1.26881
-1.27234
-1.26968
-1.27115
-1.27294
-1.27216
-1.27221
-1.27253
-1.27401
-1.27056
-1.27135
-1.27043
-1.27277
-1.26925
-1.27015
-1.27031
-1.27275
-1.27013
-1.2717
-1.27097
-1.27337
-1.27061
-1.27138
-1.26967
-1.2694
-1.27115
-1.27156
-1.27217
-1.2689
-1.2733
-1.27138
-1.27148
-1.26913
-1.27211
-1.27089
-1.27452
-1.27262
-1.27276
-1.27201
-1.26945
-1.27185
-1.26966
-1.26985
-1.27001
-1.27214
-1.27183
-1.27261
-1.27147
-1.27277
-1.27223
-1.27269
-1.27079
-1.27376
-1.27296
-1.27098
-1.27133
-1.27158
-1.27222
-1.27173
-1.27044
-1.27108
-1.27035
-1.27067
-1.27082
-1.27127
-1.27112
-1.27027
-1.27166
-1.27067
-1.27363
-1.27386
-1.27027
-1.27465
-1.26988
-1.27098
-1.27067
-1.26814
-1.26964
-1.27044
-1.27325
-1.26864
-1.27133
-1.27023
-1.27143
-1.26984
-1.27242
-1.27427
-1.272
-1.27212
-1.27271
-1.27067
-1.27157
-1.27151
-1.27058
-1.27183
-1.27049
-1.27386
-1.27073
-1.27395
-1.27199
-1.27218
-1.27147
-1.27116
-1.26928
-1.27235
-1.27364
-1.27261
-1.27303
-1.26972
-1.27362
-1.27199
-1.27115
-1.27122
-1.27113
-1.27057
-1.2718
-1.2707
-1.27031
-1.27223
-1.27154
-1.27002
-1.2729
-1.27129
-1.27474
-1.27253
-1.27204
-1.27282
-1.27183
-1.27026
-1.2707
-1.2679
-1.27057
-1.27128
-1.27201
-1.27134
-1.271
-1.27452
-1.27139
-1.27334
-1.27247
-1.27236
-1.26975
-1.27316
-1.27145
-1.2727
-1.26987
-1.27204
-1.27122
-1.2713
-1.27182
-1.27083
-1.27189
-1.27312
-1.26907
-1.27234
-1.27159
-1.27335
-1.2713
-1.27191
-1.27282
-1.27258
-1.27134
-1.27104
-1.27221
-1.27026
-1.27359
-1.27081
-1.27189
-1.2714
-1.27133
-1.27179
-1.27154
-1.27053
-1.26976
-1.26986
-1.27373
-1.27281
-1.27304
-1.27098
-1.27287
-1.27204
-1.27114
-1.27181
-1.27206
-1.27344
-1.27183
-1.27232
-1.27284
-1.27361
-1.27335
-1.27221
-1.27043
-1.27186
-1.27215
-1.27075
-1.27349
-1.27111
-1.27111
-1.2706
-1.27227
-1.27009
-1.27084
-1.27084
-1.27022
-1.27255
-1.27178
-1.27339
-1.2716
-1.27083
-1.2714
-1.27129
-1.27237
-1.27126
-1.27273
-1.27414
-1.27194
-1.27042
-1.27106
-1.2717
-1.27425
-1.27012
-1.27371
-1.27103
-1.2706
-1.27312
-1.27129
-1.27047
-1.27222
-1.26954
-1.27198
-1.2693
-1.27217
-1.27075
-1.26979
-1.27254
-1.27056
-1.27158
-1.27333
-1.27057
-1.27173
-1.27174
-1.27428
-1.27167
-1.26902
-1.27238
-1.27191
-1.27115
-1.27378
-1.27189
-1.27365
-1.27129
-1.27034
-1.27138
-1.27274
-1.27187
-1.27128
-1.27085
-1.27307
-1.27291
-1.27268
-1.27174
-1.27202
-1.27225
-1.27174
-1.2708
-1.27035
-1.27131
-1.27014
-1.27356
-1.27184
-1.27205
-1.26818
-1.27331
-1.26888
-1.27142
-1.27295
-1.27177
-1.27025
-1.27237
-1.27146
-1.27218
-1.27361
-1.27138
-1.2723
-1.27027
-1.27245
-1.27126
-1.2731
-1.27035
-1.27297
-1.27384
-1.27069
-1.27001
-1.27089
-1.27028
-1.27213
-1.27154
-1.27029
-1.27255
-1.27169
-1.27058
-1.27037
-1.26992
-1.27253
-1.2725
-1.27276
-1.27161
-1.27117
-1.27356
-1.27231
-1.27043
-1.27188
-1.27316
-1.27251
-1.27151
-1.27048
-1.27156
-1.27001
-1.27322
-1.27102
-1.27102
-1.27314
-1.27215
-1.2702
-1.27076
-1.27254
-1.27029
-1.27032
-1.26952
-1.27107
-1.27067
-1.27274
-1.27268
-1.27162
-1.27047
-1.27165
-1.2708
-1.27118
-1.27244
-1.27046
-1.27257
-1.273
-1.27232
-1.27119
-1.27141
-1.2701
-1.27178
-1.27104
-1.27253
-1.2717
-1.27359
-1.27301
-1.2714
-1.27125
-1.27317
-1.27171
-1.27035
-1.27138
-1.27055
-1.27225
-1.27127
-1.27371
-1.26945
-1.27403
-1.27158
-1.27401
-1.27045
-1.27285
-1.26749
-1.27247
-1.27187
-1.26977
-1.27076
-1.27074
-1.26866
-1.27148
-1.27365
-1.27424
-1.2714
-1.27083
-1.27201
-1.27172
-1.27041
-1.2717
-1.2718
-1.27071
-1.2727
-1.27072
-1.26778
-1.26857
-1.27146
-1.27013
-1.27157
-1.27163
-1.26968
-1.27012
-1.27125
-1.27117
-1.26978
-1.27065
-1.27039
-1.27187
-1.27089
-1.27233
-1.2704
-1.27348
-1.27252
-1.27011
-1.27215
-1.27308
-1.27255
-1.27037
-1.27002
-1.27045
-1.2707
-1.27223
-1.27267
-1.27139
-1.27122
-1.26927
-1.27592
-1.27255
-1.271
-1.27131
-1.27026
-1.27195
-1.27234
-1.27122
-1.27205
-1.27227
-1.26822
-1.27044
-1.27154
-1.26886
-1.27121
-1.27075
-1.27291
-1.27275
-1.27236
-1.2706
-1.27389
-1.27046
-1.27131
-1.26997
-1.2737
-1.27118
-1.26888
-1.27086
-1.27222
-1.27168
-1.27243
-1.27104
-1.27182
-1.27196
-1.2728
-1.27155
-1.27107
-1.26908
-1.2689
-1.27167
-1.27291
-1.27048
-1.26928
-1.27018
-1.27143
-1.27076
-1.27206
-1.27135
-1.2715
-1.27177
-1.27204
-1.27026
-1.27225
-1.27133
-1.27146
-1.27205
-1.27112
-1.27153
-1.27291
-1.27145
-1.27013
-1.27209
-1.27108
-1.27035
-1.27312
-1.27381
-1.27174
-1.2715
-1.27144
-1.27102
-1.27121
-1.2721
-1.26997
-1.27137
-1.27173
-1.27201
-1.27049
-1.27134
-1.27182
-1.27229
-1.27136
-1.27068
-1.27297
-1.27274
-1.27185
-1.27243
-1.27284
-1.27226
-1.27161
-1.27157
-1.27046
-1.26925
-1.27057
-1.27199
-1.27001
-1.27083
-1.27087
-1.27215
-1.27303
-1.27162
-1.26924
-1.27308
-1.27117
-1.27101
-1.27111
-1.27174
-1.27156
-1.27228
-1.26819
-1.27227
-1.27278
-1.27016
-1.26964
-1.27136
-1.27237
-1.27268
-1.27605
-1.27079
-1.2728
-1.27153
-1.26969
-1.27193
-1.27264
-1.27068
-1.27104
-1.27178
-1.27166
-1.27265
-1.27104
-1.27096
-1.27264
-1.27198
-1.27088
-1.27324
-1.27149
-1.27282
-1.26951
-1.27196
-1.27217
-1.26968
-1.27418
-1.27338
-1.27321
-1.27094
-1.27151
-1.27117
-1.27219
-1.27332
-1.27195
-1.27298
-1.27384
-1.27113
-1.27086
-1.26951
-1.27126
-1.27112
-1.27405
-1.27224
-1.27086
-1.2715
-1.27251
-1.27154
-1.2705
-1.2707
-1.27171
-1.27418
-1.2695
-1.27246
-1.27168
-1.271
-1.27354
-1.27244
-1.27092
-1.27123
-1.27204
-1.27099
-1.27167
-1.27076
-1.27087
-1.27139
-1.27017
-1.27292
-1.27155
-1.26996
-1.27258
-1.26841
-1.27211
-1.27018
-1.2721
-1.27204
-1.27121
-1.27234
-1.26981
-1.27172
-1.27391
-1.27159
-1.27242
-1.2717
-1.27085
-1.27089
-1.27141
-1.27213
-1.27233
-1.26885
-1.27231
-1.27132
-1.27183
-1.26808
-1.27072
-1.27002
-1.27079
-1.27125
-1.27004
-1.27229
-1.27231
-1.27294
-1.27128
-1.27159
-1.26994
-1.2708
-1.27175
-1.26977
-1.27105
-1.27057
-1.27142
-1.27202
-1.27222
-1.27299
-1.27116
-1.27014
-1.27355
-1.27123
-1.27411
-1.27099
-1.2729
-1.2727
-1.2711
-1.27337
-1.27012
-1.27087
-1.27246
-1.27138
-1.27302
-1.27286
-1.27148
-1.27121
-1.27092
-1.27101
-1.27242
-1.27315
-1.26928
-1.27177
-1.26942
-1.27351
-1.27157
-1.27143
-1.27152
-1.27146
-1.27185
-1.27024
-1.27076
-1.27231
-1.27098
-1.2732
-1.27209
-1.2737
-1.26969
-1.27017
-1.2713
-1.2716
-1.2704
-1.27159
-1.27327
-1.2716
-1.27282
-1.27094
-1.27017
-1.26852
-1.2726
-1.27054
-1.27296
-1.27048
-1.27264
-1.2722
-1.27077
-1.27214
-1.27066
-1.27055
-1.27176
-1.27382
-1.27162
-1.27
-1.27146
-1.27278
-1.27211
-1.27076
-1.26801
-1.27003
-1.27272
-1.27303
-1.27188
-1.27288
-1.27166
-1.27196
-1.27235
-1.27094
-1.27142
-1.27353
-1.27345
-1.27087
-1.27202
-1.27384
-1.27239
-1.27404
-1.27338
-1.27093
-1.27194
-1.27179
-1.27123
-1.27207
-1.27028
-1.27104
-1.27082
-1.27235
-1.2708
-1.27161
-1.27023
-1.27231
-1.27308
-1.27222
-1.27011
-1.27361
-1.27039
-1.27144
-1.27375
-1.26995
-1.27266
-1.27027
-1.27364
-1.27184
-1.2716
-1.27274
-1.2685
-1.27079
-1.27118
-1.27226
-1.27241
-1.27379
-1.27055
-1.27015
-1.27175
-1.2723
-1.27001
-1.27045
-1.27237
-1.27315
-1.27156
-1.27046
-1.27038
-1.27032
-1.27265
-1.27314
-1.27059
-1.27252
-1.26994
-1.27322
-1.27118
-1.26911
-1.27231
-1.26973
-1.26993
-1.27154
-1.27289
-1.27181
-1.27045
-1.27194
-1.2723
-1.2724
-1.27018
-1.27311
-1.2707
-1.27285
-1.27083
-1.27303
-1.27378
-1.27296
-1.26899
-1.27208
-1.27233
-1.27221
-1.27344
-1.27438
-1.27083
-1.27431
-1.27056
-1.27251
-1.26946
-1.27123
-1.27018
-1.26951
-1.27147
-1.27104
-1.27069
-1.27054
-1.27156
-1.27033
-1.27299
-1.27256
-1.27304
-1.27091
-1.27244
-1.2721
-1.27204
-1.27061
-1.27088
-1.27319
-1.27079
-1.27002
-1.27046
-1.27266
-1.27125
-1.27361
-1.27144
-1.27351
-1.27031
-1.27018
-1.27118
-1.27178
-1.27243
-1.27091
-1.26943
-1.27246
-1.27196
-1.26942
-1.27238
-1.27108
-1.27002
-1.27124
-1.2687
-1.27308
-1.27241
-1.27231
-1.2727
-1.27282
-1.2726
-1.27215
-1.27135
-1.27088
-1.27385
-1.27403
-1.27186
-1.27102
-1.27261
-1.2722
-1.27275
-1.27285
-1.27259
-1.2716
-1.2734
-1.27185
-1.27316
-1.27142
-1.27099
-1.27198
-1.27241
-1.26786
-1.26923
-1.27314
-1.27219
-1.27144
-1.27076
-1.26951
-1.27289
-1.27153
-1.2705
-1.26929
-1.27135
-1.26999
-1.27086
-1.26938
-1.27324
-1.27212
-1.2726
-1.27289
-1.27208
-1.27187
-1.27238
-1.27217
-1.27232
-1.27181
-1.27173
-1.27213
-1.27281
-1.27271
-1.27248
-1.26958
-1.27044
-1.27363
-1.26949
-1.27169
-1.2714
-1.27286
-1.27243
-1.27245
-1.27108
-1.27003
-1.27226
-1.26937
-1.27158
-1.27076
-1.27115
-1.27183
-1.27273
-1.27165
-1.27346
-1.27291
-1.27304
-1.27118
-1.2706
-1.27189
-1.27314
-1.27066
-1.27191
-1.27343
-1.27203
-1.2719
-1.27242
-1.27159
-1.27104
-1.27121
-1.2722
-1.27506
-1.27216
-1.2704
-1.272
-1.26942
-1.27304
-1.27209
-1.27188
-1.27176
-1.27125
-1.27129
-1.27209
-1.27192
-1.27161
-1.27382
-1.27377
-1.27303
-1.27102
-1.27059
-1.2711
-1.27179
-1.27051
-1.27127
-1.27269
-1.27134
-1.26879
-1.27191
-1.27257
-1.27191
-1.27167
-1.27246
-1.27264
-1.2703
-1.27158
-1.27123
-1.27269
-1.27171
-1.27268
-1.27152
-1.2699
-1.27367
-1.27201
-1.2714
-1.27363
-1.27291
-1.27167
-1.27275
-1.27309
-1.27257
-1.27066
-1.27244
-1.27005
-1.27046
-1.27467
-1.27092
-1.26895
-1.27215
-1.27264
-1.27252
-1.27008
-1.27206
-1.27212
-1.27155
-1.27051
-1.27259
-1.27249
-1.27074
-1.27217
-1.27159
-1.27206
-1.27172
-1.27248
-1.27338
-1.27076
-1.27197
-1.27164
-1.27344
-1.27077
-1.27022
-1.27237
-1.27023
-1.27253
-1.2701
-1.27139
-1.27062
-1.27046
-1.27081
-1.27157
-1.27304
-1.27279
-1.27189
-1.26877
-1.2712
-1.27199
-1.27291
-1.27179
-1.27305
-1.27243
-1.27171
-1.27225
-1.27397
-1.27232
-1.27137
-1.27113
-1.27223
-1.27389
-1.27194
-1.27086
-1.27172
-1.272
-1.27364
-1.27255
-1.2725
-1.27088
-1.27069
-1.27096
-1.27092
-1.27141
-1.27173
-1.27107
-1.27328
-1.27056
-1.27015
-1.27106
-1.2699
-1.27186
-1.27053
-1.27338
-1.268
-1.27177
-1.27482
-1.27298
-1.27164
-1.27457
-1.27138
-1.27304
-1.27207
-1.27293
-1.27352
-1.27213
-1.27151
-1.26981
-1.27111
-1.27131
-1.27046
-1.27072
-1.27242
-1.27033
-1.27351
-1.27089
-1.27269
-1.26993
-1.27367
-1.27275
-1.27592
-1.2737
-1.27207
-1.27058
-1.2694
-1.27207
-1.27086
-1.27092
-1.27188
-1.27378
-1.27197
-1.27036
-1.27171
-1.27312
-1.27156
-1.27161
-1.27176
