-0.994388
-0.989218
-0.994814
-0.997184
-1.00341
-1.01172
-1.02188
-1.03491
-1.04825
-1.05944
-1.06906
-1.0773
-1.08352
-1.0897
-1.0946
-1.09917
-1.1029
-1.10671
-1.11079
-1.11426
-1.1175
-1.12034
-1.12286
-1.12574
-1.12825
-1.13072
-1.13281
-1.13503
-1.13735
-1.13948
-1.14144
-1.14342
-1.14533
-1.14737
-1.14908
-1.15093
-1.15239
-1.15401
-1.15553
-1.15701
-1.15832
-1.15967
-1.16098
-1.16228
-1.16358
-1.16488
-1.16622
-1.16751
-1.16854
-1.16948
-1.17401
-1.17892
-1.18337
-1.18787
-1.19209
-1.1957
-1.19865
-1.20076
-1.20224
-1.20376
-1.20523
-1.20652
-1.20809
-1.20946
-1.21098
-1.21243
-1.21401
-1.21539
-1.21662
-1.21784
-1.21909
-1.22041
-1.22195
-1.22328
-1.22444
-1.22568
-1.22705
-1.22833
-1.22939
-1.23056
-1.23182
-1.23289
-1.23399
-1.23498
-1.23611
-1.23706
-1.23826
-1.23931
-1.24037
-1.24136
-1.24243
-1.24345
-1.24441
-1.24545
-1.24625
-1.24712
-1.24783
-1.24861
-1.24954
-1.25052
-1.25148
-1.25218
-1.25294
-1.25366
-1.25422
-1.25484
-1.25554
-1.25621
-1.25699
-1.25759
-1.25807
-1.25871
-1.25931
-1.25985
-1.2604
-1.26093
-1.2615
-1.26195
-1.26238
-1.26289
-1.26329
-1.26361
-1.26383
-1.26399
-1.26435
-1.26457
-1.26481
-1.26492
-1.26526
-1.26538
-1.26549
-1.26565
-1.26579
-1.26585
-1.26585
-1.26595
-1.26597
-1.26601
-1.26606
-1.26613
-1.26624
-1.26623
-1.26622
-1.26618
-1.26624
-1.26617
-1.26624
-1.2663
-1.26634
-1.26639
-1.26632
-1.26638
-1.26636
-1.26639
-1.26646
-1.26657
-1.26666
-1.26681
-1.26679
-1.26686
-1.26698
-1.26701
-1.26701
-1.26703
-1.26702
-1.267
-1.267
-1.26708
-1.26714
-1.26717
-1.26722
-1.26736
-1.26739
-1.26743
-1.26752
-1.26756
-1.26746
-1.26753
-1.26742
-1.26756
-1.2676
-1.26761
-1.26753
-1.26761
-1.26765
-1.2676
-1.2677
-1.26772
-1.26767
-1.26768
-1.26767
-1.26768
-1.26776
-1.26776
-1.26786
-1.26802
-1.26806
-1.26806
-1.26806
-1.26812
-1.26821
-1.26824
-1.2683
-1.26826
-1.2682
-1.26815
-1.26809
-1.26799
-1.26795
-1.26797
-1.26797
-1.26799
-1.26804
-1.26806
-1.26809
-1.26817
-1.26816
-1.26814
-1.2681
-1.26816
-1.26821
-1.26828
-1.2683
-1.26831
-1.26827
-1.26823
-1.26841
-1.26846
-1.26854
-1.26845
-1.2684
-1.26842
-1.26852
-1.26849
-1.26847
-1.26857
-1.26851
-1.26856
-1.26865
-1.26865
-1.26867
-1.26868
-1.26877
-1.26875
-1.26872
-1.26873
-1.26878
-1.2688
-1.26882
-1.26883
-1.2688
-1.26875
-1.26879
-1.26893
-1.26891
-1.26896
-1.26893
-1.26895
-1.26894
-1.26892
-1.26893
-1.26903
-1.26896
-1.26893
-1.2689
-1.26882
-1.26876
-1.26885
-1.26888
-1.26883
-1.26885
-1.26878
-1.26882
-1.26875
-1.2688
-1.26887
-1.2688
-1.26876
-1.26876
-1.26878
-1.26874
-1.26881
-1.2688
-1.26882
-1.26885
-1.26879
-1.26881
-1.26876
-1.26874
-1.26877
-1.26877
-1.26883
-1.26872
-1.26881
-1.26878
-1.26869
-1.26866
-1.26861
-1.26859
-1.26847
-1.26848
-1.26849
-1.26848
-1.26841
-1.26842
-1.26842
-1.26846
-1.26844
-1.26847
-1.26846
-1.26841
-1.26835
-1.2684
-1.26841
-1.26847
-1.26848
-1.26855
-1.2686
-1.26856
-1.26859
-1.26862
-1.26861
-1.26858
-1.26865
-1.26865
-1.26863
-1.26864
-1.26865
-1.2686
-1.2686
-1.26864
-1.26857
-1.26849
-1.26844
-1.26853
-1.26865
-1.26864
-1.26865
-1.26857
-1.26852
-1.26846
-1.26847
-1.26856
-1.26852
-1.26852
-1.26853
-1.26851
-1.26855
-1.26863
-1.26867
-1.2687
-1.26868
-1.26863
-1.26867
-1.26874
-1.26864
-1.26859
-1.26865
-1.26871
-1.26873
-1.26882
-1.26875
-1.26875
-1.26875
-1.26876
-1.2688
-1.26884
-1.26875
-1.26875
-1.2688
-1.26873
-1.26869
-1.2687
-1.2687
-1.26871
-1.26881
-1.2689
-1.26894
-1.26899
-1.269
-1.26899
-1.26905
-1.26912
-1.26921
-1.26912
-1.26899
-1.26902
-1.269
-1.26903
-1.26904
-1.26912
-1.26905
-1.26904
-1.269
-1.269
-1.26902
-1.26909
-1.26907
-1.26903
-1.26913
-1.26909
-1.26912
-1.26916
-1.26921
-1.26919
-1.26926
-1.26932
-1.26932
-1.2693
-1.26925
-1.26918
-1.26932
-1.26932
-1.26942
-1.26943
-1.26945
-1.26939
-1.26942
-1.26939
-1.26925
-1.26918
-1.26929
-1.26934
-1.26929
-1.26925
-1.26919
-1.26909
-1.26907
-1.26909
-1.26907
-1.26913
-1.26911
-1.2691
-1.26908
-1.26909
-1.26913
-1.26914
-1.26914
-1.26917
-1.26922
-1.26922
-1.26925
-1.26925
-1.26934
-1.2694
-1.26937
-1.26933
-1.26939
-1.26942
-1.26942
-1.26937
-1.26942
-1.26939
-1.26935
-1.26934
-1.26937
-1.26937
-1.26931
-1.26935
-1.26939
-1.26944
-1.26931
-1.26929
-1.26924
-1.2692
-1.26925
-1.26925
-1.26923
-1.26932
-1.26939
-1.2695
-1.26942
-1.2694
-1.26947
-1.26953
-1.26956
-1.26955
-1.26957
-1.26948
-1.26942
-1.26945
-1.2694
-1.26938
-1.26936
-1.26937
-1.26941
-1.2694
-1.26933
-1.26934
-1.26931
-1.26931
-1.26932
-1.26931
-1.26931
-1.26929
-1.26933
-1.26935
-1.26931
-1.26931
-1.26931
-1.2694
-1.26942
-1.26946
-1.26945
-1.26943
-1.26947
-1.26956
-1.26957
-1.26965
-1.26967
-1.26968
-1.26981
-1.26983
-1.26991
-1.26993
-1.26992
-1.2699
-1.26997
-1.26998
-1.27003
-1.27006
-1.27008
-1.27004
-1.27008
-1.27004
-1.27001
-1.27
-1.26998
-1.27005
-1.27007
-1.27005
-1.27006
-1.27014
-1.27016
-1.27013
-1.27008
-1.27012
-1.27021
-1.27014
-1.27018
-1.27019
-1.27023
-1.27029
-1.27023
-1.27024
-1.2702
-1.2702
-1.27013
-1.27013
-1.27008
-1.27012
-1.27007
-1.2701
-1.27012
-1.27017
-1.27011
-1.27006
-1.27014
-1.27007
-1.27003
-1.27
-1.26996
-1.26999
-1.26994
-1.26999
-1.26992
-1.26995
-1.26993
-1.26985
-1.2698
-1.26978
-1.26983
-1.2698
-1.26983
-1.26987
-1.26982
-1.26986
-1.26988
-1.26989
-1.26994
-1.26988
-1.26999
-1.26996
-1.26992
-1.26998
-1.27003
-1.27001
-1.27005
-1.27018
-1.27011
-1.27011
-1.27008
-1.27005
-1.27011
-1.27012
-1.2702
-1.27021
-1.27029
-1.27021
-1.27019
-1.27022
-1.27022
-1.27018
-1.27007
-1.27006
-1.27009
-1.27009
-1.27009
-1.27003
-1.27001
-1.27008
-1.27008
-1.27004
-1.27005
-1.27005
-1.27007
-1.27004
-1.26993
-1.26998
-1.26999
-1.2699
-1.26985
-1.26994
-1.26989
-1.26987
-1.26992
-1.26993
-1.26987
-1.26989
-1.26996
-1.26996
-1.2699
-1.26994
-1.26999
-1.27002
-1.27005
-1.27004
-1.26996
-1.26995
-1.26997
-1.26993
-1.26996
-1.26995
-1.26997
-1.26995
-1.26998
-1.26996
-1.26992
-1.27001
-1.27004
-1.26998
-1.26998
-1.26999
-1.27005
-1.2701
-1.27007
-1.27007
-1.2701
-1.27019
-1.27027
-1.27025
-1.27029
-1.2703
-1.27026
-1.27024
-1.27025
-1.27029
-1.27031
-1.27031
-1.27037
-1.2704
-1.27045
-1.27043
-1.27043
-1.27043
-1.27039
-1.27041
-1.27048
-1.27044
-1.27032
-1.27036
-1.27036
-1.27034
-1.27035
-1.27038
-1.27031
-1.27031
-1.2703
-1.27032
-1.27032
-1.27033
-1.27029
-1.27031
-1.27025
-1.27029
-1.27029
-1.27032
-1.27033
-1.27029
-1.27034
-1.27031
-1.27036
-1.27036
-1.2704
-1.27042
-1.27045
-1.27046
-1.27043
-1.27038
-1.27035
-1.27032
-1.27026
-1.27029
-1.27025
-1.27025
-1.27021
-1.27023
-1.2703
-1.27024
-1.27024
-1.27021
-1.27028
-1.27023
-1.27022
-1.27025
-1.27027
-1.27024
-1.27019
-1.27015
-1.27021
-1.27023
-1.27024
-1.27026
-1.27025
-1.27021
-1.27023
-1.2702
-1.27025
-1.27015
-1.27017
-1.27021
-1.27022
-1.27027
-1.27028
-1.27023
-1.27017
-1.27017
-1.27015
-1.27019
-1.27019
-1.27026
-1.27028
-1.27035
-1.27036
-1.27027
-1.27033
-1.27029
-1.27029
-1.27036
-1.27038
-1.27037
-1.2704
-1.27041
-1.27047
-1.27048
-1.27059
-1.27056
-1.27052
-1.2706
-1.27059
-1.27063
-1.27053
-1.27056
-1.27058
-1.27053
-1.27059
-1.27061
-1.27065
-1.2707
-1.27071
-1.27075
-1.2708
-1.27079
-1.27075
-1.27073
-1.27077
-1.27082
-1.2709
-1.27099
-1.27101
-1.271
-1.27102
-1.27096
-1.27095
-1.27098
-1.27096
-1.27097
-1.27102
-1.271
-1.27097
-1.27093
-1.27086
-1.27079
-1.27077
-1.27083
-1.27076
-1.27079
-1.27077
-1.27073
-1.27069
-1.2707
-1.27074
-1.27071
-1.27066
-1.2707
-1.27065
-1.27063
-1.27069
-1.27075
-1.27074
-1.27075
-1.27079
-1.2708
-1.27072
-1.27075
-1.27072
-1.27072
-1.27076
-1.27078
-1.2708
-1.27072
-1.27066
-1.27067
-1.27071
-1.2707
-1.27069
-1.27068
-1.27056
-1.27045
-1.27048
-1.27052
-1.27054
-1.27048
-1.27048
-1.27047
-1.27047
-1.27041
-1.27039
-1.2704
-1.2704
-1.27042
-1.27048
-1.27051
-1.27049
-1.27044
-1.2704
-1.27038
-1.27041
-1.27039
-1.27043
-1.27039
-1.27039
-1.27039
-1.27046
-1.27046
-1.27047
-1.27053
-1.27046
-1.27039
-1.27041
-1.27039
-1.27041
-1.27045
-1.27053
-1.27054
-1.27059
-1.27056
-1.27056
-1.2705
-1.27052
-1.2706
-1.27055
-1.27052
-1.27049
-1.27048
-1.27043
-1.27047
-1.27051
-1.27057
-1.27057
-1.27057
-1.27056
-1.27069
-1.27074
-1.2708
-1.27081
-1.27084
-1.27091
-1.27089
-1.27089
-1.2708
-1.27078
-1.27076
-1.27082
-1.27085
-1.27091
-1.27092
-1.2709
-1.27087
-1.27089
-1.27093
-1.27089
-1.27089
-1.27083
-1.27077
-1.2708
-1.27079
-1.27086
-1.27082
-1.27078
-1.27077
-1.27073
-1.27066
-1.27064
-1.27061
-1.27055
-1.27059
-1.27054
-1.27058
-1.27056
-1.27052
-1.27058
-1.27066
-1.27071
-1.27075
-1.27075
-1.27077
-1.27081
-1.27078
-1.27074
-1.27077
-1.27078
-1.2707
-1.27066
-1.27058
-1.2706
-1.27067
-1.27067
-1.27066
-1.2707
-1.27076
-1.27074
-1.27073
-1.27071
-1.27071
-1.27071
-1.27072
-1.27072
-1.27076
-1.27076
-1.2708
-1.27083
-1.27085
-1.27084
-1.27083
-1.27082
-1.27084
-1.27084
-1.27086
-1.27089
-1.27092
-1.27093
-1.27096
-1.27094
-1.27094
-1.27093
-1.27091
-1.27089
-1.27087
-1.27088
-1.27087
-1.27082
-1.27072
-1.27071
-1.27069
-1.2707
-1.27071
-1.27065
-1.27068
-1.27067
-1.2706
-1.27058
-1.2706
-1.27062
-1.27069
-1.27067
-1.27064
-1.27062
-1.27065
-1.27064
-1.27067
-1.27068
-1.27076
-1.27073
-1.27069
-1.27073
-1.27074
-1.27077
-1.27073
-1.27073
-1.27073
-1.27073
-1.27072
-1.27079
-1.27081
-1.2708
-1.27072
-1.27071
-1.27074
-1.27073
-1.27073
-1.27071
-1.27072
-1.2707
-1.2707
-1.27077
-1.27081
-1.27081
-1.27083
-1.27081
-1.27084
-1.27091
-1.27098
-1.27099
-1.27101
-1.27107
-1.27105
-1.27107
-1.27108
-1.27112
-1.27114
-1.27117
-1.27115
-1.27112
-1.27113
-1.27108
-1.27105
-1.271
-1.27096
-1.27093
-1.27089
-1.27087
-1.27085
-1.27087
-1.27092
-1.27089
-1.2709
-1.27087
-1.2709
-1.27088
-1.2709
-1.27096
-1.27089
-1.27086
-1.27086
-1.2709
-1.27098
-1.27096
-1.27103
-1.27107
-1.27106
-1.27111
-1.27111
-1.27119
-1.27122
-1.2712
-1.27121
-1.27126
-1.27125
-1.27131
-1.27128
-1.27119
-1.27122
-1.27122
-1.27123
-1.27119
-1.27118
-1.27124
-1.27121
-1.27121
-1.27119
-1.27126
-1.27137
-1.27144
-1.2714
-1.27146
-1.27145
-1.27148
-1.27147
-1.27148
-1.27147
-1.27152
-1.27151
-1.27151
-1.27148
-1.27148
-1.27151
-1.27149
-1.27157
-1.27163
-1.27163
-1.27161
-1.27167
-1.27168
-1.27166
-1.27165
-1.27167
-1.27173
-1.27166
-1.27166
-1.27163
-1.27158
-1.27157
-1.27154
-1.27153
-1.2715
-1.27146
-1.27146
-1.2715
-1.27147
-1.27146
-1.27149
-1.27141
-1.27142
-1.27142
-1.27145
-1.27147
-1.27147
-1.27144
-1.27145
-1.27146
-1.27141
-1.27128
-1.27122
-1.2712
-1.27122
-1.27125
-1.27124
-1.27126
-1.2713
-1.27133
-1.27133
-1.2713
-1.27128
-1.27131
-1.27125
-1.2712
-1.27123
-1.27122
-1.27118
-1.27114
-1.2711
-1.27112
-1.27113
-1.27114
-1.27113
-1.27116
-1.27114
-1.27114
-1.27112
-1.27117
-1.27119
-1.27118
-1.27122
-1.27121
-1.27119
-1.27118
-1.27119
-1.27115
-1.27112
-1.27117
-1.27121
-1.27126
-1.2712
-1.27119
-1.27113
-1.27111
-1.27107
-1.2711
-1.27108
-1.27109
-1.27104
-1.27111
-1.27111
-1.27113
-1.27115
-1.27118
-1.27121
-1.27122
-1.27119
-1.27116
-1.2712
-1.27118
-1.27116
-1.27116
-1.27117
-1.27116
-1.27118
-1.27115
-1.27118
-1.27116
-1.27115
-1.2711
-1.27113
-1.27114
-1.27112
-1.2711
-1.27103
-1.27105
-1.27105
-1.27104
-1.27104
-1.27106
-1.27104
-1.27107
-1.27112
-1.2712
-1.27116
-1.27115
-1.27116
-1.27112
-1.27111
-1.27114
-1.27115
-1.27115
-1.27123
-1.27118
-1.27121
-1.27122
-1.27123
-1.27123
-1.27126
-1.27121
-1.27123
-1.27123
-1.2712
-1.27119
-1.27116
-1.27114
-1.27117
-1.27117
-1.27113
-1.27113
-1.27115
-1.27115
-1.27123
-1.27125
-1.27131
-1.27122
-1.27119
-1.27122
-1.27126
-1.2713
-1.27128
-1.27133
-1.27135
-1.27135
-1.27143
-1.27142
-1.2714
-1.27137
-1.27133
-1.27133
-1.27132
-1.27136
-1.27134
-1.27127
-1.27128
-1.2713
-1.27132
-1.27132
-1.27134
-1.27132
-1.27133
-1.27134
-1.27125
-1.27126
-1.27124
-1.27132
-1.27133
-1.27134
-1.27132
-1.27135
-1.27131
-1.27135
-1.27136
-1.27132
-1.27137
-1.27138
-1.27136
-1.27142
-1.27141
-1.27145
-1.27144
-1.27146
-1.27144
-1.27143
-1.27131
-1.27136
-1.27137
-1.27131
-1.27128
-1.27127
-1.27129
-1.27129
-1.27128
-1.27124
-1.27125
-1.27127
-1.27128
-1.2713
-1.27134
-1.27135
-1.27137
-1.27134
-1.27137
-1.27144
-1.27145
-1.27147
-1.27151
-1.27154
-1.27151
-1.2715
-1.27147
-1.27144
-1.27148
-1.27152
-1.2715
-1.27143
-1.27139
-1.27137
-1.27139
-1.27136
-1.27138
-1.27137
-1.27135
-1.27138
-1.27135
-1.2713
-1.27131
-1.27129
-1.27136
-1.27134
-1.27138
-1.27137
-1.27135
-1.27134
-1.27137
-1.27137
-1.27135
-1.27136
-1.27142
-1.27141
-1.27138
-1.27137
-1.27135
-1.27132
-1.27126
-1.2712
-1.27126
-1.27127
-1.27129
-1.27131
-1.27128
-1.27128
-1.27121
-1.27123
-1.2712
-1.27115
-1.27109
-1.27107
-1.27111
-1.27113
-1.27116
-1.27121
-1.2712
-1.27117
-1.27117
-1.27119
-1.2712
-1.27122
-1.27119
-1.27119
-1.27123
-1.27125
-1.27124
-1.27127
-1.27126
-1.27129
-1.27128
-1.27126
-1.27121
-1.27122
-1.27118
-1.27118
-1.27119
-1.2712
-1.27125
-1.27125
-1.27123
-1.27124
-1.27123
-1.27124
-1.27127
-1.27126
-1.27132
-1.27137
-1.27138
-1.2714
-1.27139
-1.27138
-1.27137
-1.27129
-1.27129
-1.27129
-1.27136
-1.27132
-1.27133
-1.27139
-1.27133
-1.27131
-1.27128
-1.27126
-1.27126
-1.2712
-1.27123
-1.27123
-1.27123
-1.27121
-1.27119
-1.27123
-1.2712
-1.27117
-1.27117
-1.27114
-1.27113
-1.2711
-1.27109
-1.27114
-1.27111
-1.27115
-1.27116
-1.27114
-1.27117
-1.27113
-1.2711
-1.27111
-1.27107
-1.27106
-1.27115
-1.27109
-1.27111
-1.27111
-1.27109
-1.27114
-1.27114
-1.27111
-1.27106
-1.27106
-1.27103
-1.27099
-1.27099
-1.27095
-1.27098
-1.27095
-1.27097
-1.27098
-1.27094
-1.27089
-1.27095
-1.27099
-1.27103
-1.27102
-1.27102
-1.27106
-1.271
-1.27104
-1.27101
-1.27097
-1.27096
-1.27091
-1.27096
-1.27103
-1.27096
-1.27102
-1.27099
-1.271
-1.27102
-1.27102
-1.27111
-1.27108
-1.27104
-1.27099
-1.27099
-1.27105
-1.27106
-1.27101
-1.27101
-1.27106
-1.27094
-1.271
-1.27099
-1.27097
-1.27098
-1.27092
-1.27086
-1.27089
-1.27097
-1.27102
-1.27104
-1.27103
-1.27099
-1.27111
-1.2711
-1.27114
-1.27113
-1.27115
-1.27117
-1.2712
-1.27123
-1.27122
-1.27116
-1.27119
-1.27118
-1.27117
-1.27121
-1.27116
-1.27119
-1.27124
-1.27125
-1.27124
-1.27117
-1.27116
-1.27123
-1.27116
-1.27125
-1.27124
-1.27119
-1.27117
-1.27114
-1.27112
-1.27117
-1.27121
-1.27118
-1.27116
-1.27114
-1.27119
-1.27122
-1.27114
-1.27123
-1.27123
-1.27122
-1.27123
-1.27124
-1.27127
-1.27128
-1.27125
-1.2712
-1.27119
-1.27114
-1.27119
-1.27121
-1.27118
-1.27113
-1.27101
-1.27096
-1.27089
-1.27094
-1.27096
-1.27097
-1.27093
-1.27092
-1.27093
-1.27096
-1.27095
-1.27095
-1.27096
-1.27096
-1.27096
-1.27097
-1.27099
-1.27099
-1.27098
-1.27094
-1.27092
-1.27091
-1.2709
-1.27093
-1.27089
-1.27085
-1.27086
-1.27084
-1.27084
-1.27084
-1.27084
-1.27086
-1.27088
-1.27087
-1.27099
-1.2709
-1.27092
-1.27094
-1.27097
-1.27097
-1.27095
-1.27098
-1.271
-1.27099
-1.27094
-1.27096
-1.27095
-1.27099
-1.27092
-1.27099
-1.27106
-1.27107
-1.27112
-1.2711
-1.27112
-1.27105
-1.27107
-1.27109
-1.271
-1.27102
-1.27097
-1.27096
-1.27095
-1.27098
-1.27097
-1.27097
-1.27097
-1.27104
-1.27104
-1.27103
-1.27109
-1.27109
-1.27106
-1.27108
-1.27111
-1.27112
-1.2711
-1.27111
-1.27115
-1.27118
-1.27118
-1.27119
-1.27115
-1.27115
-1.27111
-1.2712
-1.2712
-1.27114
-1.27112
-1.27105
-1.27106
-1.27109
-1.27108
-1.27109
-1.27108
-1.27111
-1.27115
-1.27119
-1.27126
-1.27118
-1.27118
-1.27114
-1.27112
-1.2711
-1.27108
-1.2711
-1.27109
-1.27114
-1.27117
-1.27115
-1.27121
-1.27124
-1.27128
-1.27122
-1.27121
-1.27123
-1.27125
-1.27125
-1.27127
-1.27126
-1.27122
-1.27118
-1.27119
-1.27117
-1.27111
-1.27111
-1.27111
-1.2711
-1.27105
-1.27106
-1.27104
-1.27104
-1.27102
-1.27099
-1.27098
-1.27092
-1.27093
-1.27091
-1.27094
-1.27099
-1.27099
-1.27099
-1.27095
-1.27098
-1.27104
-1.27107
-1.27105
-1.27101
-1.27101
-1.27105
-1.27105
-1.27114
-1.27118
-1.27122
-1.2712
-1.2712
-1.27124
-1.27122
-1.27128
-1.27129
-1.27126
-1.27127
-1.27126
-1.27129
-1.27127
-1.27123
-1.27123
-1.27123
-1.27121
-1.27124
-1.27127
-1.27128
-1.27134
-1.27137
-1.27142
-1.27147
-1.27152
-1.27151
-1.27158
-1.27153
-1.27155
-1.27157
-1.27161
-1.27163
-1.27163
-1.27162
-1.27163
-1.27166
-1.27161
-1.2716
-1.2716
-1.27152
-1.27157
-1.27151
-1.27154
-1.2715
-1.27146
-1.27149
-1.27145
-1.27144
-1.27145
-1.27144
-1.27139
-1.27136
-1.27139
-1.27143
-1.27141
-1.27138
-1.27134
-1.27131
-1.27135
-1.27133
-1.27133
-1.27135
-1.2714
-1.27145
-1.27143
-1.27139
-1.27136
-1.27133
-1.27132
-1.27137
-1.27133
-1.27133
-1.27135
-1.27131
-1.27127
-1.27127
-1.27122
-1.27123
-1.27123
-1.27122
-1.27118
-1.27118
-1.2712
-1.27129
-1.27129
-1.27133
-1.27136
-1.27134
-1.27128
-1.27125
-1.2713
-1.27133
-1.27131
-1.2713
-1.27132
-1.27129
-1.27134
-1.27132
-1.27132
-1.27129
-1.27132
-1.27129
-1.27124
-1.27128
-1.27127
-1.27129
-1.27132
-1.27138
-1.27136
-1.27133
-1.2713
-1.27125
-1.2713
-1.27131
-1.27135
-1.27132
-1.27135
-1.27141
-1.27142
-1.2714
-1.27142
-1.2714
-1.27138
-1.27143
-1.27149
-1.27149
-1.27154
-1.27159
-1.27155
-1.27154
-1.27158
-1.2716
-1.27156
-1.27152
-1.27153
-1.2715
-1.2715
-1.27153
-1.27161
-1.27169
-1.2716
-1.27162
-1.27158
-1.27158
-1.27154
-1.27156
-1.27153
-1.27153
-1.27151
-1.27149
-1.27148
-1.27155
-1.27153
-1.27146
-1.27145
-1.27144
-1.2714
-1.27135
-1.27141
-1.27141
-1.27146
-1.27149
-1.27145
-1.27142
-1.27137
-1.27139
-1.27141
-1.27132
-1.27127
-1.2713
-1.27124
-1.27125
-1.27128
-1.27125
-1.2712
-1.27123
-1.27118
-1.27113
-1.27113
-1.27114
-1.27109
-1.27106
-1.27104
-1.27104
-1.27101
-1.27098
-1.27097
-1.27099
-1.27094
-1.2709
-1.27098
-1.27095
-1.27092
-1.27092
-1.27098
-1.27092
-1.27096
-1.27094
-1.27098
-1.271
-1.271
-1.27098
-1.27102
-1.27101
-1.27106
-1.27104
-1.27105
-1.27108
-1.27106
-1.27113
-1.27109
-1.2711
-1.27109
-1.2711
-1.27112
-1.27115
-1.27111
-1.27115
-1.27121
-1.27117
-1.27117
-1.27116
-1.27112
-1.2711
-1.27107
-1.27101
-1.27106
-1.27107
-1.27109
-1.27106
-1.27111
-1.27115
-1.27116
-1.27113
-1.27115
-1.27118
-1.27117
-1.27111
-1.27113
-1.27113
-1.27106
-1.271
-1.27099
-1.27104
-1.27106
-1.2711
-1.27099
-1.27101
-1.27102
-1.271
-1.27094
-1.27091
-1.27091
-1.27099
-1.27096
-1.27096
-1.27097
-1.27093
-1.27091
-1.27084
-1.27087
-1.27087
-1.27088
-1.27085
-1.27087
-1.27083
-1.27085
-1.27086
-1.27085
-1.27087
-1.27091
-1.27098
-1.271
-1.271
-1.27108
-1.27111
-1.27109
-1.27109
-1.2711
-1.27113
-1.27105
-1.27103
-1.27101
-1.27106
-1.27108
-1.27104
-1.2711
-1.27112
-1.27115
-1.27111
-1.27119
-1.27126
-1.2713
-1.27123
-1.27124
-1.2712
-1.27122
-1.27121
-1.27114
-1.27116
-1.27121
-1.27123
-1.27121
-1.27114
-1.27113
-1.27113
-1.27119
-1.27118
-1.27117
-1.27121
-1.27123
-1.27123
-1.27124
-1.27124
-1.2712
-1.27125
-1.27125
-1.27124
-1.27126
-1.27125
-1.27127
-1.27118
-1.27113
-1.27116
-1.27113
-1.27117
-1.27118
-1.27119
-1.27121
-1.2712
-1.27128
-1.27135
-1.27137
-1.27132
-1.2713
-1.27133
-1.27134
-1.27132
-1.27127
-1.27131
-1.27126
-1.27125
-1.27119
-1.27124
-1.27117
-1.27122
-1.2713
-1.27129
-1.27141
-1.2714
-1.27135
-1.27142
-1.2714
-1.27144
-1.27145
-1.27144
-1.27137
-1.27143
-1.27144
-1.2714
-1.27138
-1.2714
-1.27138
-1.27142
-1.27147
-1.27144
-1.27144
-1.27149
-1.27145
-1.27146
-1.2714
-1.2714
-1.27143
-1.27145
-1.27147
-1.27142
-1.27141
-1.27142
-1.27138
-1.27141
-1.27137
-1.27127
-1.27131
-1.27137
-1.27138
-1.27136
-1.27135
-1.27134
-1.2714
-1.27143
-1.27139
-1.27136
-1.27144
-1.27147
-1.27155
-1.27153
-1.27149
-1.27152
-1.27146
-1.2715
-1.27155
-1.27149
-1.27152
-1.27152
-1.2715
-1.27156
-1.27158
-1.27154
-1.27152
-1.27156
-1.27154
-1.27153
-1.27151
-1.27148
-1.27148
-1.27154
-1.27156
-1.27152
-1.27149
-1.27148
-1.27154
-1.27154
-1.2715
-1.27149
-1.27147
-1.27153
-1.27157
-1.27156
-1.2716
-1.27161
-1.27164
-1.2717
-1.2717
-1.27165
-1.27157
-1.2716
-1.27155
-1.27163
-1.27155
-1.27151
-1.27154
-1.27159
-1.27158
-1.27152
-1.27143
-1.27146
-1.27147
-1.27148
-1.27149
-1.27148
-1.27149
-1.2715
-1.27149
-1.27149
-1.27153
-1.27149
-1.27145
-1.27146
-1.27151
-1.2715
-1.27146
-1.27143
-1.27144
-1.27145
-1.27142
-1.27142
-1.27137
-1.27133
-1.27134
-1.27135
-1.27133
-1.27137
-1.2714
-1.27137
-1.27136
-1.27137
-1.2713
-1.27131
-1.27127
-1.27127
-1.27126
-1.27123
-1.27123
-1.27123
-1.27133
-1.27128
-1.2713
-1.27124
-1.27126
-1.27129
-1.27136
-1.27135
-1.27137
-1.27138
-1.27145
-1.27143
-1.2714
-1.27136
-1.27136
-1.27133
-1.27128
-1.27122
-1.27121
-1.27124
-1.27118
-1.2712
-1.2712
-1.27123
-1.27118
-1.27117
-1.27122
-1.27128
-1.2713
-1.27133
-1.27135
-1.27133
-1.27141
-1.27143
-1.27144
-1.27146
-1.27149
-1.27144
-1.27145
-1.27151
-1.27151
-1.27146
-1.27153
-1.27147
-1.2715
-1.27148
-1.27142
-1.27133
-1.27127
-1.27128
-1.27125
-1.27125
-1.27126
-1.27124
-1.27125
-1.27125
-1.27123
-1.27121
-1.2712
-1.27121
-1.2712
-1.27121
-1.27123
-1.27125
-1.27121
-1.27113
-1.2712
-1.27126
-1.27129
-1.27129
-1.27135
-1.27134
-1.27134
-1.27135
-1.27132
-1.27138
-1.27139
-1.27133
-1.27132
-1.27126
-1.27123
-1.2712
-1.2711
-1.27112
-1.27115
-1.27113
-1.27115
-1.27115
-1.27118
-1.27112
-1.27115
-1.27114
-1.27106
-1.27111
-1.27107
-1.27108
-1.27114
-1.27117
-1.27119
-1.2712
-1.27115
-1.2712
-1.27116
-1.27123
-1.27122
-1.2712
-1.27114
-1.2712
-1.27116
-1.27115
-1.27114
-1.27111
-1.27111
-1.27114
-1.27114
-1.27125
-1.27125
-1.27123
-1.27123
-1.27118
-1.27122
-1.27118
-1.27119
-1.27118
-1.27124
-1.27117
-1.27115
-1.27118
-1.27118
-1.2712
-1.27126
-1.27125
-1.27127
-1.27123
-1.27119
-1.27119
-1.27117
-1.27124
-1.27124
-1.27129
-1.27127
-1.27126
-1.27125
-1.27118
-1.27121
-1.2712
-1.27119
-1.27125
-1.27128
-1.27126
-1.27127
-1.27128
-1.27127
-1.27126
-1.27123
-1.27123
-1.27126
-1.27125
-1.27127
-1.27129
-1.2713
-1.27132
-1.27131
-1.27133
-1.27139
-1.27142
-1.27144
-1.27139
-1.27141
-1.27145
-1.2714
-1.27144
-1.27148
-1.27145
-1.27143
-1.27146
-1.27148
-1.2715
-1.2715
-1.27151
-1.27146
-1.27149
-1.27158
-1.27163
-1.27166
-1.27169
-1.2717
-1.27166
-1.27164
-1.27153
-1.27149
-1.2715
-1.27157
-1.27157
-1.27158
-1.2716
-1.27158
-1.2716
-1.27157
-1.2716
-1.27162
-1.27159
-1.27163
-1.27159
-1.27164
-1.27166
-1.27165
-1.27164
-1.27165
-1.27168
-1.27166
-1.27162
-1.27161
-1.27158
-1.27154
-1.27143
-1.2714
-1.27144
-1.27143
-1.27139
-1.2714
-1.2714
-1.27138
-1.27135
-1.27134
-1.27132
-1.27132
-1.2713
-1.27131
-1.27134
-1.27134
-1.27134
-1.27125
-1.27124
-1.27125
-1.27122
-1.2712
-1.27116
-1.27115
-1.27119
-1.27126
-1.27129
-1.27125
-1.27123
-1.27119
-1.27114
-1.27115
-1.27112
-1.27117
-1.27117
-1.27117
-1.27119
-1.27122
-1.27127
-1.27129
-1.27123
-1.27125
-1.27119
-1.27122
-1.27122
-1.2712
-1.27126
-1.27133
-1.27133
-1.27139
-1.27141
-1.27146
-1.27147
-1.27143
-1.27148
-1.27149
-1.27149
-1.27149
-1.27153
-1.27149
-1.27151
-1.27149
-1.27144
-1.2714
-1.27132
-1.27133
-1.27132
-1.27135
-1.27137
-1.27137
-1.27133
-1.27136
-1.2714
-1.27144
-1.27152
-1.27148
-1.27149
-1.27148
-1.27152
-1.27158
-1.27158
-1.27161
-1.27163
-1.27156
-1.27155
-1.27148
-1.2715
-1.2715
-1.27146
-1.27142
-1.27144
-1.27143
-1.27148
-1.27148
-1.2715
-1.27155
-1.27152
-1.27149
-1.2715
-1.27148
-1.27149
-1.27144
-1.27142
-1.27141
-1.27137
-1.27135
-1.27136
-1.27134
-1.27137
-1.27144
-1.27142
-1.27142
-1.27143
-1.27145
-1.27153
-1.27149
-1.27152
-1.27154
-1.27152
-1.27148
-1.27152
-1.27148
-1.2715
-1.2715
-1.27143
-1.27145
-1.27139
-1.27142
-1.27145
-1.27142
-1.27148
-1.27148
-1.27143
-1.27141
-1.27142
-1.27148
-1.27144
-1.27142
-1.27146
-1.2715
-1.27152
-1.27158
-1.27152
-1.2715
-1.27144
-1.27145
-1.27145
-1.27146
-1.27146
-1.27145
-1.27149
-1.27147
-1.27149
-1.27154
-1.27156
-1.27153
-1.27151
-1.27153
-1.2715
-1.27149
-1.27151
-1.27153
-1.27155
-1.27152
-1.27152
-1.27154
-1.27153
-1.27155
-1.27158
-1.27163
-1.27166
-1.27165
-1.27164
-1.27156
-1.27159
-1.27162
-1.27172
-1.27172
-1.27167
-1.27169
-1.27168
-1.27169
-1.27175
-1.27178
-1.27178
-1.27178
-1.27181
-1.2718
-1.27177
-1.27173
-1.27174
-1.27173
-1.2718
-1.27178
-1.27178
-1.2717
-1.27171
-1.27172
-1.27167
-1.27168
-1.27165
-1.27165
-1.2717
-1.27171
-1.27169
-1.27178
-1.27176
-1.27175
-1.27178
-1.2718
-1.27176
-1.27173
-1.27174
-1.27174
-1.27171
-1.2717
-1.27171
-1.27167
-1.27168
-1.27166
-1.27163
-1.27162
-1.27164
-1.27168
-1.27168
-1.27163
-1.27159
-1.2716
-1.27165
-1.2716
-1.27157
-1.27154
-1.27154
-1.27158
-1.27163
-1.27164
-1.27167
-1.27167
-1.27174
-1.27174
-1.27173
-1.27174
-1.27169
-1.27176
-1.27181
-1.27183
-1.2718
-1.2718
-1.27181
-1.27179
-1.2718
-1.27185
-1.2718
-1.27177
-1.27182
-1.27174
-1.27176
-1.27173
-1.27167
-1.2717
-1.27175
-1.27176
-1.27178
-1.27185
-1.27189
-1.27192
-1.27192
-1.27194
-1.27192
-1.27191
-1.27192
-1.27193
-1.27193
-1.27195
-1.27198
-1.27199
-1.27194
-1.27189
-1.27194
-1.272
-1.27202
-1.27202
-1.27202
-1.27203
-1.27198
-1.27196
-1.27194
-1.27193
-1.27191
-1.27189
-1.27183
-1.27183
-1.27182
-1.27175
-1.27173
-1.27173
-1.27174
-1.27173
-1.27178
-1.27175
-1.27174
-1.27175
-1.27178
-1.27174
-1.27174
-1.27176
-1.27177
-1.27176
-1.27179
-1.27174
-1.2717
-1.27169
-1.27168
-1.27164
-1.27157
-1.27156
-1.27154
-1.27153
-1.27152
-1.27157
-1.27156
-1.27158
-1.27151
-1.27144
-1.27139
-1.2714
-1.27142
-1.27143
-1.27141
-1.27141
-1.27141
-1.27137
-1.27134
-1.27127
-1.27132
-1.27135
-1.27136
-1.27133
-1.27131
-1.27131
-1.27137
-1.27136
-1.27143
-1.27142
-1.27142
-1.27142
-1.27145
-1.27141
-1.27137
-1.27139
-1.27138
-1.2713
-1.27128
-1.27129
-1.27128
-1.27127
-1.27128
-1.2713
-1.2713
-1.27129
-1.27133
-1.27135
-1.27138
-1.27134
-1.27132
-1.27131
-1.27129
-1.27126
-1.27128
-1.27123
-1.27123
-1.27118
-1.27124
-1.27124
-1.27132
-1.27137
-1.27132
-1.27131
-1.27132
-1.27127
-1.27123
-1.27129
-1.27131
-1.27138
-1.2713
-1.27127
-1.27127
-1.2713
-1.27131
-1.27132
-1.27131
-1.27129
-1.27122
-1.27122
-1.27123
-1.27121
-1.27116
-1.27118
-1.27114
-1.27116
-1.27117
-1.27122
-1.27119
-1.27122
-1.27119
-1.2712
-1.27115
-1.2711
-1.27109
-1.2711
-1.27107
-1.27102
-1.271
-1.27101
-1.27109
-1.27106
-1.27105
-1.27105
-1.27099
-1.27103
-1.27112
-1.27117
-1.27117
-1.27121
-1.27114
-1.27111
-1.27116
-1.27122
-1.27117
-1.27119
-1.27124
-1.27122
-1.27118
-1.27118
-1.27118
-1.27122
-1.27117
-1.27114
-1.27114
-1.27118
-1.27122
-1.27119
-1.27122
-1.27122
-1.27124
-1.27122
-1.27121
-1.27121
-1.27125
-1.27128
-1.27122
-1.27121
-1.2712
-1.27114
-1.27117
-1.27113
-1.27117
-1.27125
-1.27127
-1.27128
-1.27131
-1.27141
-1.27139
-1.27142
-1.27137
-1.27143
-1.27141
-1.27141
-1.27143
-1.27142
-1.27131
-1.27131
-1.27127
-1.27131
-1.27131
-1.27129
-1.27125
-1.27119
-1.2712
-1.27119
-1.2712
-1.27114
-1.27119
-1.27119
-1.27122
-1.27114
-1.27117
-1.27118
-1.27124
-1.27124
-1.27122
-1.27127
-1.27124
-1.27126
-1.27118
-1.2712
-1.27121
-1.27122
-1.27123
-1.27125
-1.2713
-1.27133
-1.27137
-1.27145
-1.27142
-1.2715
-1.27153
-1.27149
-1.27148
-1.27147
-1.27146
-1.27141
-1.27141
-1.27141
-1.2714
-1.27136
-1.27139
-1.27142
-1.27143
-1.27138
-1.27141
-1.27139
-1.27145
-1.27146
-1.27145
-1.27151
-1.27152
-1.27155
-1.27154
-1.27147
-1.27142
-1.27145
-1.27145
-1.2714
-1.27139
-1.27142
-1.2714
-1.27138
-1.27134
-1.27137
-1.27136
-1.27136
-1.27142
-1.2714
-1.27144
-1.27147
-1.27148
-1.27148
-1.27145
-1.27147
-1.27146
-1.27148
-1.27148
-1.27147
-1.27148
-1.27143
-1.27136
-1.27138
-1.27143
-1.27145
-1.27147
-1.27143
-1.27149
-1.27151
-1.27153
-1.27154
-1.27154
-1.27153
-1.27154
-1.27155
-1.27152
-1.27156
-1.27151
-1.27144
-1.27149
-1.27142
-1.27152
-1.27155
-1.27158
-1.27167
-1.27171
-1.27171
-1.27166
-1.27165
-1.27163
-1.27165
-1.27166
-1.27169
-1.27166
-1.27167
-1.27166
-1.27168
-1.27168
-1.27171
-1.27167
-1.27171
-1.27173
-1.27174
-1.27173
-1.27169
-1.2717
-1.27165
-1.27165
-1.27162
-1.27163
-1.27167
-1.27166
-1.27166
-1.27162
-1.27164
-1.2716
-1.27165
-1.27163
-1.27164
-1.27165
-1.27164
-1.27166
-1.27166
-1.27169
-1.2717
-1.27173
-1.27171
-1.27171
-1.27174
-1.27171
-1.2717
-1.2716
-1.27155
-1.27158
-1.27158
-1.2716
-1.27162
-1.27166
-1.27174
-1.27176
-1.27177
-1.27177
-1.27181
-1.27183
-1.27178
-1.27181
-1.27182
-1.27183
-1.27183
-1.27184
-1.27182
-1.27183
-1.27179
-1.27187
-1.27185
-1.27184
-1.27183
-1.27184
-1.27183
-1.2718
-1.27176
-1.27178
-1.27179
-1.27179
-1.27179
-1.2718
-1.27177
-1.27175
-1.27172
-1.27174
-1.27175
-1.27176
-1.27183
-1.2718
-1.27179
-1.27178
-1.27178
-1.27184
-1.27181
-1.27185
-1.27186
-1.27188
-1.27194
-1.27189
-1.27185
-1.27183
-1.2718
-1.27178
-1.27173
-1.27175
-1.27173
-1.27168
-1.27167
-1.27164
-1.27163
-1.27164
-1.27157
-1.27154
-1.27153
-1.27161
-1.27161
-1.27154
-1.27158
-1.27154
-1.27155
-1.2716
-1.27162
-1.27165
-1.27168
-1.27167
-1.27168
-1.27173
-1.27171
-1.2717
-1.27165
-1.27168
-1.27172
-1.27175
-1.27176
-1.27175
-1.27177
-1.27175
-1.27168
-1.27165
-1.27167
-1.27165
-1.27169
-1.27164
-1.27168
-1.27157
-1.27161
-1.27158
-1.27155
-1.27158
-1.27161
-1.27157
-1.27162
-1.27161
-1.27167
-1.2717
-1.27171
-1.27176
-1.27172
-1.27175
-1.27175
-1.27174
-1.27174
-1.27176
-1.2718
-1.27173
-1.2717
-1.27174
-1.2717
-1.2717
-1.27171
-1.27164
-1.27165
-1.27161
-1.2716
-1.2716
-1.27157
-1.27156
-1.27158
-1.27161
-1.27162
-1.27158
-1.2716
-1.27159
-1.27156
-1.27156
-1.27158
-1.27159
-1.27161
-1.27161
-1.27162
-1.27161
-1.27161
-1.27159
-1.27157
-1.27167
-1.27165
-1.27167
-1.27166
-1.27165
-1.27162
-1.27162
-1.27157
-1.27156
-1.27153
-1.27151
-1.27154
-1.27152
-1.27153
-1.27151
-1.2715
-1.27146
-1.2715
-1.27145
-1.27143
-1.27148
-1.27152
-1.27153
-1.27155
-1.27151
-1.27151
-1.27153
-1.27153
-1.27153
-1.27159
-1.27164
-1.27167
-1.27165
-1.27166
-1.27164
-1.27161
-1.27162
-1.27156
-1.27156
-1.27157
-1.27161
-1.27154
-1.27157
-1.27157
-1.27164
-1.27162
-1.27167
-1.27156
-1.27159
-1.2716
-1.27154
-1.27151
-1.27152
-1.27148
-1.27146
-1.27152
-1.2716
-1.27164
-1.27163
-1.27166
-1.27164
-1.2716
-1.2716
-1.27162
-1.27161
-1.27164
-1.27163
-1.27154
-1.2715
-1.27148
-1.27142
-1.27141
-1.27142
-1.27138
-1.27138
-1.27137
-1.27138
-1.27132
-1.2713
-1.27124
-1.27121
-1.2712
-1.27122
-1.27117
-1.2712
-1.27125
-1.27122
-1.27125
-1.27127
-1.2713
-1.27123
-1.27124
-1.27117
-1.27115
-1.27112
-1.27116
-1.27113
-1.2712
-1.27114
-1.27122
-1.27128
-1.27128
-1.27129
-1.27133
-1.27133
-1.27131
-1.27125
-1.27126
-1.27129
-1.27121
-1.27119
-1.27121
-1.27115
-1.27114
-1.27114
-1.27115
-1.27119
-1.27128
-1.27132
-1.27137
-1.27138
-1.27137
-1.27134
-1.27142
-1.27144
-1.27139
-1.27138
-1.27143
-1.27145
-1.27149
-1.27148
-1.2715
-1.27149
-1.27154
-1.2715
-1.27147
-1.27145
-1.27138
-1.27136
-1.27136
-1.27137
-1.27135
-1.27135
-1.27136
-1.27133
-1.27132
-1.27132
-1.27132
-1.27137
-1.2713
-1.27125
-1.27128
-1.27128
-1.2713
-1.2713
-1.27128
-1.27128
-1.2713
-1.27128
-1.27132
-1.27136
-1.27135
-1.27138
-1.27141
-1.27148
-1.27145
-1.27143
-1.27141
-1.27142
-1.27136
-1.2714
-1.27137
-1.2714
-1.27136
-1.27138
-1.27141
-1.27142
-1.27141
-1.27142
-1.2714
-1.27139
-1.27142
-1.27143
-1.27141
-1.27143
-1.27147
-1.27153
-1.27158
-1.27158
-1.27153
-1.27151
-1.27153
-1.27157
-1.27154
-1.27154
-1.27152
-1.27153
-1.27157
-1.27156
-1.27151
-1.27156
-1.27154
-1.27153
-1.27153
-1.27152
-1.27153
-1.27155
-1.27145
-1.27147
-1.27152
-1.27148
-1.27145
-1.27147
-1.27146
-1.27144
-1.27152
-1.27151
-1.27153
-1.27154
-1.27151
-1.27151
-1.27156
-1.27155
-1.27154
-1.27153
-1.27156
-1.27158
-1.27157
-1.27154
-1.27157
-1.27159
-1.27155
-1.27156
-1.27155
-1.27156
-1.27149
-1.27149
-1.2715
-1.27146
-1.27153
-1.27162
-1.27167
-1.27165
-1.27168
-1.27169
-1.27171
-1.27174
-1.27171
-1.27174
-1.27183
-1.27179
-1.27179
-1.27176
-1.27176
-1.27175
-1.2718
-1.2718
-1.27185
-1.27184
-1.27183
-1.27186
-1.27188
-1.27186
-1.27185
-1.27188
-1.27175
-1.27178
-1.27176
-1.27175
-1.27182
-1.27184
-1.2718
-1.27181
-1.27183
-1.27182
-1.27182
-1.27178
-1.27178
-1.27178
-1.27173
-1.27175
-1.27177
-1.2717
-1.27172
-1.27163
-1.27169
-1.27165
-1.27165
-1.2717
-1.27164
-1.27162
-1.27155
-1.27156
-1.27161
-1.27162
-1.27163
-1.27159
-1.27157
-1.27153
-1.27148
-1.2715
-1.27153
-1.27152
-1.27154
-1.27154
-1.2715
-1.27141
-1.27141
-1.27138
-1.27135
-1.27134
-1.27133
-1.27136
-1.27138
-1.27135
-1.27139
-1.27137
-1.27134
-1.27133
-1.2713
-1.27124
-1.27124
-1.27123
-1.27122
-1.27124
-1.27125
-1.2713
-1.2713
-1.27128
-1.27134
-1.27131
-1.27136
-1.27138
-1.27139
-1.27147
-1.27145
-1.27152
-1.27148
-1.27145
-1.27148
-1.27146
-1.27152
-1.27155
-1.2715
-1.27149
-1.27146
-1.27145
-1.27148
-1.27152
-1.27148
-1.27147
-1.27142
-1.27151
-1.27149
-1.2715
-1.27149
-1.27156
-1.27158
-1.27158
-1.27158
-1.27161
-1.27162
-1.27164
-1.27164
-1.27165
-1.27162
-1.27159
-1.27162
-1.27164
-1.27161
-1.27165
-1.27169
-1.27171
-1.27174
-1.27172
-1.27168
-1.27159
-1.27162
-1.27162
-1.27161
-1.2716
-1.27157
-1.27159
-1.27155
-1.27154
-1.27153
-1.27147
-1.2715
-1.27156
-1.27155
-1.27152
-1.27149
-1.27149
-1.2715
-1.27149
-1.27143
-1.27141
-1.27142
-1.27142
-1.27147
-1.27149
-1.27154
-1.2715
-1.27152
-1.27151
-1.27151
-1.27155
-1.27158
-1.27159
-1.27162
-1.27165
-1.27168
-1.27169
-1.27172
-1.27166
-1.27171
-1.27174
-1.27174
-1.27175
-1.27175
-1.27174
-1.27169
-1.2717
-1.27166
-1.27168
-1.27168
-1.27175
-1.27176
-1.2718
-1.27174
-1.2718
-1.27176
-1.27174
-1.2718
-1.27176
-1.2718
-1.27179
-1.27183
-1.27179
-1.27179
-1.27184
-1.27179
-1.27175
-1.27173
-1.27176
-1.27184
-1.27192
-1.27188
-1.27182
-1.27182
-1.2718
-1.27177
-1.27174
-1.27174
-1.27179
-1.27179
-1.27173
-1.27167
-1.27166
-1.27167
-1.27165
-1.27162
-1.27159
-1.27152
-1.27156
-1.27155
-1.2715
-1.27152
-1.27147
-1.27146
-1.27147
-1.27152
-1.2715
-1.2715
-1.2715
-1.27155
-1.27155
-1.27149
-1.27151
-1.27152
-1.2715
-1.27151
-1.27154
-1.27154
-1.27161
-1.27153
-1.27157
-1.27154
-1.27155
-1.27159
-1.27162
-1.27167
-1.27174
-1.27172
-1.27173
-1.27167
-1.27162
-1.27161
-1.2716
-1.27159
-1.27157
-1.27158
-1.27158
-1.27157
-1.27151
-1.27154
-1.27158
-1.27163
-1.27165
-1.27164
-1.27162
-1.27165
-1.27161
-1.27163
-1.27163
-1.27162
-1.27164
-1.2716
-1.27166
-1.27169
-1.27173
-1.2717
-1.27173
-1.27173
-1.2717
-1.27167
-1.27166
-1.27171
-1.27166
-1.27164
-1.27163
-1.27165
-1.27158
-1.27155
-1.27151
-1.27153
-1.27152
-1.27144
-1.27146
-1.27144
-1.2714
-1.27144
-1.27141
-1.27145
-1.27144
-1.27148
-1.27147
-1.27155
-1.27164
-1.27164
-1.27164
-1.27168
-1.27171
-1.27174
-1.27179
-1.27178
-1.27176
-1.27177
-1.27179
-1.2718
-1.27179
-1.27177
-1.27179
-1.27183
-1.27172
-1.27169
-1.27175
-1.27178
-1.27176
-1.27175
-1.27167
-1.2717
-1.27166
-1.27166
-1.27164
-1.27165
-1.27161
-1.27158
-1.27155
-1.27163
-1.27162
-1.27163
-1.2717
-1.2717
-1.27171
-1.27176
-1.27178
-1.27185
-1.27182
-1.27181
-1.27181
-1.27181
-1.27181
-1.2718
-1.27175
-1.27174
-1.27179
-1.2717
-1.27166
-1.27165
-1.27168
-1.27168
-1.27169
-1.27165
-1.2716
-1.27159
-1.27154
-1.27151
-1.27149
-1.27145
-1.27145
-1.27149
-1.27148
-1.2715
-1.2716
-1.27168
-1.27164
-1.27161
-1.27162
-1.27167
-1.27169
-1.27167
-1.27171
-1.27174
-1.27179
-1.27181
-1.27184
-1.27185
-1.27188
-1.27186
-1.27192
-1.27191
-1.27186
-1.27186
-1.27181
-1.27183
-1.27182
-1.27181
-1.27181
-1.2718
-1.27179
-1.27177
-1.27176
-1.27174
-1.27182
-1.27189
-1.27188
-1.27191
-1.27189
-1.27188
-1.27186
-1.27182
-1.2718
-1.27183
-1.27186
-1.27179
-1.27184
-1.27186
-1.27188
-1.27189
-1.2719
-1.2719
-1.27187
-1.27184
-1.2718
-1.2718
-1.27181
-1.27185
-1.27184
-1.27178
-1.27184
-1.27184
-1.2718
-1.27183
-1.27185
-1.27184
-1.27186
-1.2719
-1.27193
-1.2719
-1.27184
-1.2718
-1.2718
-1.27186
-1.27189
-1.2718
-1.27181
-1.27182
-1.27184
-1.27181
-1.27183
-1.27183
-1.27182
-1.2718
-1.27177
-1.27175
-1.2717
-1.27173
-1.27175
-1.27177
-1.27176
-1.2718
-1.27185
-1.27181
-1.27182
-1.27188
-1.27191
-1.27187
-1.27184
-1.27185
-1.27181
-1.2718
-1.2718
-1.2718
-1.27178
-1.27174
-1.27172
-1.2717
-1.27173
-1.27179
-1.27175
-1.27169
-1.27168
-1.27165
-1.27165
-1.27165
-1.27166
-1.27165
-1.27163
-1.27166
-1.27169
-1.27174
-1.27175
-1.27168
-1.27171
-1.27181
-1.27181
-1.27177
-1.27175
-1.27179
-1.27182
-1.27183
-1.27185
-1.27186
-1.27182
-1.27179
-1.27179
-1.27178
-1.27178
-1.27176
-1.27179
-1.27175
-1.27169
-1.2717
-1.27165
-1.27166
-1.2716
-1.27165
-1.27161
-1.2716
-1.27169
-1.2717
-1.27173
-1.27179
-1.27181
-1.27186
-1.27188
-1.27191
-1.27192
-1.27191
-1.2719
-1.27192
-1.27192
-1.27191
-1.27186
-1.27183
-1.27182
-1.27178
-1.27182
-1.27179
-1.27176
-1.27172
-1.27176
-1.27179
-1.27187
-1.27186
-1.27187
-1.27186
-1.27181
-1.27182
-1.27176
-1.27173
-1.27171
-1.27177
-1.2718
-1.27179
-1.2718
-1.27184
-1.27183
-1.27184
-1.27181
