0.997066
0.992936
0.993041
0.992203
0.986933
0.98693
0.98031
0.970678
0.900969
0.842924
0.878879
0.790884
0.861986
0.796091
0.843837
0.789093
0.888239
0.852027
0.746466
0.759603
0.745104
0.705816
0.687769
0.769417
0.774556
0.747912
0.722129
0.717275
0.640951
0.68496
0.723236
0.619633
0.550235
0.680657
0.689755
0.77479
0.738267
0.717946
0.708737
0.741852
0.72287
0.757167
0.732217
0.767495
0.75662
0.721791
0.74416
0.740091
0.626902
0.758483
0.67701
0.73161
0.678443
0.706432
0.771512
0.708964
0.748894
0.649974
0.712511
0.746887
0.652716
0.70156
0.753636
0.701198
0.700075
0.638054
0.661252
0.670077
0.666917
0.654582
0.648406
0.678633
0.655577
0.679433
0.642344
0.674777
0.701681
0.691042
0.524526
0.583049
0.605435
0.609815
0.640084
0.578146
0.548015
0.58671
0.563155
0.671508
0.57504
0.5753
0.615012
0.514601
0.46052
0.55823
0.514661
0.596738
0.532331
0.556968
0.554847
0.529775
0.562192
0.548211
0.572714
0.594671
0.549341
0.57787
0.499756
0.549213
0.588724
0.530365
0.587852
0.594404
0.584205
0.615244
0.5885
0.51285
0.528821
0.586214
0.521858
0.509189
0.562246
0.502737
0.549602
0.521736
0.532448
0.565038
0.555964
0.679253
0.538897
0.569148
0.544965
0.531852
0.589482
0.533192
0.573552
0.556162
0.531503
0.568759
0.601506
0.566737
0.620042
0.553512
0.584658
0.584421
0.514732
0.527902
0.60799
0.565941
0.561502
0.544448
0.56256
0.598624
0.569694
0.626946
0.59143
0.638221
0.520017
0.620335
0.604678
0.66139
0.561833
0.558535
0.563824
0.609391
0.555416
0.631206
0.665228
0.541017
0.591717
0.579251
0.575446
0.565373
0.614187
0.625403
0.56758
0.582619
0.604508
0.550233
0.612607
0.604622
0.532331
0.551625
0.600751
0.509239
0.607476
0.564456
0.669378
0.571453
0.564901
0.640556
0.612023
0.551164
0.629759
0.567453
0.54172
0.531895
0.511323
0.589075
0.603971
0.633062
0.595441
0.544972
0.622637
0.577322
0.577411
0.600745
0.537006
0.599203
0.544195
0.533389
0.55568
0.62871
0.504335
0.655649
0.495444
0.564005
0.572715
0.572146
0.493976
0.569172
0.581361
0.570293
0.584401
0.64384
0.5534
0.608316
0.617988
0.662109
0.528896
0.55795
0.552525
0.681235
0.641532
0.573224
0.595753
0.579414
0.583932
0.459414
0.601716
0.564371
0.651336
0.688854
0.609616
0.592682
0.624136
0.532532
0.513274
0.495149
0.628754
0.599423
0.688899
0.579267
0.565086
0.592631
0.539792
0.573266
0.630316
0.54709
0.528555
0.622758
0.572285
0.636215
0.616677
0.518535
0.531829
0.584869
0.615232
0.610738
0.544183
0.635099
0.545886
0.611519
0.560411
0.593432
0.573604
0.616588
0.599645
0.5995
0.553932
0.533961
0.688469
0.595056
0.614784
0.610197
0.570833
0.55514
0.606796
0.599423
0.609843
0.57912
0.553641
0.545393
0.531405
0.607366
0.53965
0.63532
0.494861
0.58252
0.567973
0.647597
0.580748
0.588702
0.602893
0.583123
0.709041
0.609099
0.496156
0.559645
0.577982
0.624963
0.554298
0.528955
0.609387
0.586184
0.55929
0.586197
0.629174
0.574914
0.598436
0.583454
0.514758
0.635946
0.607797
0.648842
0.556712
0.619214
0.577531
0.545158
0.550605
0.627569
0.571311
0.557451
0.605208
0.579945
0.516811
0.660393
0.589967
0.638223
0.543599
0.623998
0.615643
0.563869
0.604928
0.628209
0.608781
0.595012
0.583648
0.56663
0.561827
0.575045
0.57681
0.634236
0.507503
0.634312
0.61024
0.600487
0.664266
0.606036
0.638244
0.537143
0.603568
0.627533
0.582714
0.592399
0.521397
0.558653
0.575967
0.572121
0.582155
0.557588
0.5386
0.616168
0.622645
0.589975
0.553798
0.552686
0.582821
0.565736
0.566134
0.628441
0.630482
0.572416
0.67558
0.609661
0.550707
0.608216
0.491996
0.541347
0.475646
0.613398
0.581016
0.647608
0.551869
0.504382
0.55167
0.634581
0.511325
0.55314
0.564646
0.548962
0.596953
0.598877
0.530808
0.554854
0.503092
0.585375
0.579587
0.565879
0.530919
0.604224
0.607557
0.617372
0.585454
0.535624
0.553649
0.607044
0.582071
0.585606
0.50573
0.584916
0.596112
0.665062
0.584508
0.522243
0.535384
0.657956
0.627953
0.570445
0.625269
0.529481
0.504632
0.640227
0.637873
0.596842
0.580179
0.641865
0.608311
0.617552
0.575971
0.614474
0.591617
0.56871
0.60228
0.603121
0.592062
0.512857
0.509877
0.600571
0.621861
0.603137
0.648401
0.651578
0.569239
0.612945
0.642604
0.606972
0.541126
0.553485
0.596998
0.546042
0.623402
0.563034
0.482049
0.55972
0.606967
0.560352
0.555493
0.600197
0.557978
0.645589
0.557784
0.498066
0.583817
0.58798
0.655628
0.489414
0.561038
0.536702
0.52397
0.5358
0.586448
0.54614
0.614349
0.614503
0.586719
0.536028
0.631779
0.587661
0.56828
0.675345
0.66332
0.595949
0.543754
0.61398
0.540395
0.593383
0.515296
0.568847
0.596654
0.521481
0.52823
0.559243
0.612761
0.618226
0.60731
0.626199
0.619374
0.58467
0.553487
0.557976
0.512892
0.636476
0.56388
0.546035
0.59822
0.628978
0.577111
0.605
0.59723
0.614479
0.56645
0.528839
0.663942
0.592963
0.691478
0.675332
0.489924
0.672952
0.584204
0.531966
0.616532
0.480059
0.580948
0.716819
0.554736
0.583535
0.619197
0.591498
0.616078
0.487584
0.558148
0.5896
0.53339
0.579019
0.600729
0.501712
0.592944
0.578897
0.566714
0.618121
0.578158
0.608068
0.605893
0.542196
0.605183
0.53473
0.557954
0.530703
0.621921
0.58597
0.676792
0.593465
0.595258
0.5654
0.65087
0.605303
0.547231
0.626854
0.658476
0.612198
0.528501
0.62442
0.620497
0.573678
0.62474
0.548569
0.518168
0.526897
0.690605
0.600109
0.520079
0.509684
0.62233
0.570687
0.598557
0.64901
0.620087
0.534855
0.578181
0.59869
0.545939
0.64415
0.541213
0.529767
0.563137
0.599516
0.508835
0.655397
0.599297
0.577809
0.584201
0.59641
0.671858
0.511208
0.580562
0.577004
0.671486
0.616469
0.544261
0.549081
0.597346
0.624045
0.56667
0.545294
0.568816
0.552567
0.593207
0.639738
0.647373
0.609832
0.603609
0.586803
0.623776
0.642597
0.537832
0.620315
0.566622
0.569109
0.584537
0.571509
0.557439
0.648754
0.549349
0.590694
0.650471
0.515454
0.538671
0.592901
0.6711
0.593601
0.579658
0.628148
0.628029
0.601886
0.54362
0.612807
0.619095
0.535347
0.566531
0.53219
0.557027
0.608111
0.617817
0.510713
0.556299
0.57075
0.532014
0.545906
0.644154
0.541854
0.611601
0.589346
0.582717
0.576823
0.564252
0.613044
0.570083
0.619189
0.583305
0.569102
0.569831
0.637618
0.586893
0.695264
0.618757
0.59028
0.558871
0.602646
0.55668
0.582602
0.648249
0.629485
0.597824
0.573262
0.566074
0.626147
0.632981
0.590435
0.579642
0.562807
0.581563
0.57548
0.599071
0.551352
0.583148
0.575039
0.569003
0.53962
0.563832
0.596085
0.571599
0.585017
0.692643
0.560286
0.587375
0.590802
0.53918
0.597736
0.599639
0.581566
0.635451
0.569802
0.645293
0.599374
0.577176
0.591801
0.622753
0.537454
0.650926
0.544256
0.583456
0.632125
0.608289
0.595432
0.571408
0.608059
0.634331
0.621691
0.67414
0.665785
0.59414
0.598694
0.521915
0.56559
0.561112
0.707977
0.630243
0.714315
0.566824
0.570098
0.601214
0.583852
0.628334
0.563155
0.705618
0.684817
0.627247
0.604906
0.546066
0.577422
0.539716
0.609078
0.612518
0.571634
0.581056
0.566114
0.59737
0.48887
0.620493
0.550154
0.556673
0.63143
0.6441
0.524148
0.61581
0.523758
0.59474
0.652817
0.588002
0.614606
0.564173
0.632689
0.596549
0.582251
0.513624
0.586466
0.573204
0.607756
0.569503
0.580775
0.64067
0.645184
0.553254
0.591803
0.662294
0.688683
0.643345
0.601001
0.611222
0.598401
0.54011
0.532747
0.54382
0.581377
0.523411
0.664307
0.638518
0.506797
0.582276
0.560352
0.660972
0.565479
0.571303
0.643488
0.624277
0.584825
0.615872
0.630975
0.600604
0.562278
0.616995
0.599573
0.602084
0.625289
0.611155
0.629432
0.614118
0.628487
0.594805
0.579821
0.611769
0.574057
0.651618
0.577382
0.5491
0.60768
0.586552
0.547552
0.627221
0.544535
0.562266
0.612721
0.586077
0.593434
0.623787
0.608402
0.543809
0.558022
0.583214
0.632361
0.638256
0.520269
0.589067
0.593235
0.593789
0.607889
0.653249
0.543696
0.659814
0.549897
0.57996
0.579571
0.55333
0.622826
0.567859
0.588363
0.613546
0.639802
0.58967
0.54164
0.704212
0.615057
0.562352
0.565221
0.60211
0.515384
0.637062
0.560212
0.637066
0.580535
0.62443
0.5338
0.602056
0.598292
0.6083
0.584632
0.59011
0.534987
0.589704
0.584783
0.627372
0.56467
0.576846
0.588164
0.604538
0.616304
0.592297
0.591039
0.592941
0.599526
0.641849
0.585001
0.657018
0.578274
0.559884
0.594753
0.572525
0.654831
0.599328
0.56481
0.641461
0.566355
0.495716
0.662253
0.574359
0.670179
0.587762
0.592908
0.601515
0.619166
0.546808
0.594964
0.59157
0.545783
0.587958
0.692375
0.565768
0.595892
0.593788
0.621036
0.53439
0.637749
0.616194
0.566854
0.554768
0.606492
0.64087
0.631818
0.597188
0.605416
0.612718
0.559537
0.602867
0.629727
0.589911
0.549769
0.56363
0.614499
0.589855
0.62327
0.582774
0.585188
0.579313
0.633367
0.643731
0.602422
0.606113
0.599599
0.607927
0.542005
0.562302
0.518621
0.583388
0.540759
0.504
0.533899
0.598052
0.622426
0.603577
0.555283
0.601506
0.550379
0.613594
0.618512
0.563649
0.582526
0.709112
0.551293
0.607615
0.545839
0.609429
0.579969
0.630034
0.587439
0.556495
0.601385
0.624838
0.605497
0.576368
0.65822
0.66557
0.660541
0.593246
0.637536
0.661462
0.626453
0.566659
0.547573
0.63609
0.620648
0.621412
0.571273
0.622679
0.565719
0.646909
0.519479
0.580529
0.613635
0.561537
0.614314
0.591716
0.624833
0.607522
0.630478
0.613434
0.632994
0.557772
0.587957
0.566495
0.537462
0.546476
0.541052
0.653013
0.603632
0.517997
0.562505
0.573018
0.569306
0.570007
0.608683
0.606244
0.60406
0.597325
0.678883
0.600948
0.642585
0.514583
0.546684
0.587992
0.643601
0.543315
0.586872
0.624243
0.608652
0.536139
0.611463
0.585219
0.622449
0.549897
0.572084
0.576855
0.620027
0.67757
0.659291
0.634338
0.621595
0.540941
0.58708
0.567618
0.579109
0.60635
0.588184
0.596888
0.673039
0.630145
0.608846
0.578745
0.543496
0.592312
0.599533
0.564081
0.585418
0.517049
0.604956
0.593555
0.569921
0.581407
0.635978
0.547861
0.645872
0.663811
0.595974
0.602206
0.608526
0.666927
0.635807
0.572765
0.594022
0.580889
0.576096
0.654701
0.568768
0.647784
0.547008
0.630675
0.59931
0.578972
0.612592
0.566234
0.587285
0.617966
0.648544
0.599139
0.606369
0.521084
0.544465
0.630591
0.598585
0.570025
0.585382
0.56599
0.599281
0.547382
0.552168
0.615207
0.613224
0.594673
0.581579
0.716166
0.659528
0.674004
0.621553
0.59473
0.608061
0.589002
0.597993
0.623396
0.556101
0.565257
0.594451
0.590348
0.535259
0.599483
0.576809
0.611601
0.659367
0.682469
0.612732
0.623937
0.588752
0.56579
0.625974
0.671758
0.579416
0.574881
0.602905
0.586376
0.610162
0.58
0.569543
0.553021
0.705689
0.56152
0.614059
0.609307
0.571787
0.64187
0.608728
0.615452
0.670057
0.639217
0.555508
0.578035
0.576642
0.656625
0.635248
0.578328
0.58776
0.59687
0.5482
0.585201
0.63372
0.513002
0.624413
0.504327
0.588975
0.655583
0.504111
0.540929
0.664904
0.647678
0.638591
0.61291
0.644564
0.597476
0.550951
0.573756
0.611261
0.669861
0.629106
0.617257
0.612714
0.550567
0.581934
0.543574
0.668044
0.633909
0.645156
0.594645
0.606909
0.583565
0.604337
0.591753
0.641908
0.540713
0.648022
0.609766
0.624359
0.5906
0.570653
0.58866
0.561172
0.561181
0.550014
0.532606
0.556013
0.553868
0.672271
0.558142
0.528621
0.612101
0.601412
0.675581
0.712958
0.595542
0.617151
0.674621
0.623264
0.585221
0.573553
0.603751
0.577259
0.597153
0.57793
0.645716
0.518098
0.62605
0.649903
0.552105
0.584316
0.515625
0.567141
0.614143
0.568656
0.598824
0.59528
0.614156
0.625488
0.637012
0.584167
0.638094
0.607253
0.607639
0.613982
0.549608
0.578101
0.712849
0.568408
0.565809
0.616867
0.577692
0.584363
0.650097
0.52281
0.664074
0.620746
0.562238
0.683344
0.527065
0.584731
0.607905
0.604392
0.621237
0.647813
0.56928
0.587749
0.622371
0.564631
0.565684
0.609625
0.613786
0.563535
0.572694
0.587115
0.578758
0.551144
0.57905
0.620269
0.564568
0.58508
0.654012
0.531498
0.535816
0.608848
0.591954
0.675282
0.577491
0.608172
0.522587
0.622304
0.535182
0.591044
0.557769
0.592553
0.595409
0.617036
0.58283
0.596156
0.603016
0.607959
0.609398
0.597715
0.593493
0.609704
0.650608
0.675402
0.64683
0.584524
0.607615
0.561269
0.582432
0.611676
0.663576
0.638636
0.551607
0.619457
0.537968
0.583731
0.585651
0.60508
0.605847
0.562836
0.589688
0.532546
0.608748
0.548201
0.615031
0.5508
0.578924
0.575534
0.548253
0.562693
0.573871
0.628215
0.578481
0.580465
0.543264
0.581853
0.613526
0.644007
0.664716
0.661526
0.630616
0.652645
0.581948
0.579202
0.607543
0.625318
0.631354
0.584483
0.63348
0.572095
0.630154
0.652364
0.615896
0.565015
0.603257
0.510715
0.642461
0.571434
0.540101
0.672774
0.587865
0.630858
0.601315
0.59292
0.653092
0.550925
0.600164
0.601044
0.586473
0.599253
0.585871
0.64806
0.663592
0.554572
0.563968
0.6572
0.608192
0.682549
0.519564
0.526241
0.539074
0.584284
0.616264
0.622308
0.661958
0.545033
0.601312
0.570743
0.562461
0.607021
0.559982
0.590603
0.632877
0.575629
0.651723
0.703523
0.67544
0.603665
0.634079
0.590547
0.590052
0.606535
0.576406
0.579879
0.638977
0.615648
0.611418
0.568898
0.651425
0.613024
0.538937
0.606803
0.620797
0.676757
0.628088
0.552623
0.605224
0.673589
0.58702
0.568586
0.663968
0.653263
0.58071
0.633022
0.583764
0.644166
0.56271
0.542988
0.607909
0.637492
0.602436
0.535697
0.594155
0.554048
0.697351
0.524812
0.610729
0.55077
0.549053
0.63796
0.616609
0.625915
0.575444
0.55626
0.584473
0.68065
0.635214
0.591727
0.620361
0.52331
0.575493
0.613891
0.54402
0.56261
0.621161
0.606792
0.589581
0.645363
0.603764
0.605731
0.702236
0.642049
0.587432
0.674308
0.558128
0.607702
0.545225
0.577134
0.609296
0.563869
0.623
0.587648
0.620762
0.632551
0.610643
0.66993
0.625578
0.593781
0.587527
0.548387
0.56556
0.640714
0.627451
0.652227
0.560532
0.654941
0.656386
0.643819
0.570573
0.579888
0.64432
0.604345
0.593579
0.662413
0.584163
0.601633
0.581903
0.55283
0.619683
0.665829
0.594705
0.630058
0.634132
0.691299
0.646941
0.607661
0.582455
0.578717
0.586943
0.578317
0.592397
0.657734
0.692279
0.599811
0.648069
0.544527
0.595197
0.584313
0.610566
0.572087
0.662586
0.620376
0.59356
0.623503
0.558916
0.593275
0.55651
0.521627
0.596339
0.608871
0.605684
0.625812
0.609831
0.635012
0.610468
0.549873
0.645975
0.64617
0.592132
0.685686
0.60281
0.594461
0.579901
0.640484
0.61139
0.544347
0.637375
0.577356
0.611534
0.541984
0.624315
0.540429
0.579938
0.634466
0.624426
0.634102
0.565876
0.601524
0.563984
0.517478
0.584977
0.612274
0.579476
0.585468
0.591325
0.60448
0.636951
0.580278
0.622602
0.617998
0.548833
0.645647
0.51277
0.622381
0.649068
0.669614
0.589517
0.68954
0.598862
0.561647
0.570651
0.642968
0.691539
0.593844
0.64216
0.639969
0.650088
0.626451
0.672603
0.590666
0.609956
0.63914
0.597419
0.605562
0.583504
0.50198
0.583561
0.578776
0.565699
0.612433
0.59094
0.635351
0.588221
0.642642
0.619113
0.598297
0.622732
0.606627
0.55249
0.562937
0.584306
0.575761
0.605826
0.700484
0.566968
0.633827
0.524159
0.652147
0.56267
0.613463
0.542923
0.658647
0.607849
0.630651
0.593446
0.573635
0.568024
0.656754
0.607586
0.531267
0.659202
0.566987
0.586929
0.579993
0.560018
0.606298
0.5875
0.653929
0.593678
0.575951
0.600202
0.646775
0.608622
0.599988
0.56541
0.598155
0.618262
0.657449
0.603349
0.542357
0.614188
0.539834
0.601418
0.661879
0.57049
0.597505
0.68772
0.549359
0.576261
0.538757
0.583281
0.595963
0.615475
0.589982
0.59837
0.642585
0.596445
0.57593
0.60062
0.623336
0.571347
0.628045
0.567863
0.571401
0.625379
0.546649
0.600326
0.537579
0.604441
0.614214
0.605384
0.701084
0.640901
0.543108
0.62531
0.525874
0.608462
0.50024
0.666088
0.644431
0.61264
0.532827
0.653239
0.642074
0.573401
0.67009
0.647076
0.660385
0.663834
0.675636
0.634052
0.527301
0.584475
0.582285
0.612415
0.648216
0.596961
0.617087
0.639092
0.588407
0.554933
0.576128
0.613318
0.584931
0.56288
0.606692
0.504859
0.584914
0.601318
0.58351
0.550128
0.640849
0.616368
0.589808
0.566683
0.566538
0.562424
0.649768
0.62249
0.601
0.593609
0.651262
0.643707
0.555282
0.545902
0.584935
0.627111
0.646301
0.672966
0.570748
0.615763
0.602894
0.610176
0.604892
0.554208
0.638001
0.552579
0.622267
0.545095
0.566947
0.54315
0.589971
0.581828
0.594291
0.598057
0.718934
0.615084
0.559552
0.57396
0.615724
0.614949
0.580299
0.584303
0.594907
0.637124
0.63273
0.626267
0.669848
0.59214
0.550823
0.598457
0.607794
0.566119
0.580829
0.640478
0.665205
0.638093
0.59218
0.562169
0.543968
0.52566
0.547408
0.602605
0.559884
0.572876
0.538243
0.587306
0.65182
0.678447
0.600322
0.588838
0.54553
0.577833
0.551511
0.621804
0.590624
0.574794
0.635627
0.678793
0.652934
0.572261
0.553601
0.640386
0.657866
0.635271
0.582715
0.668625
0.561353
0.693535
0.505527
0.48708
0.599104
0.609214
0.614501
0.543428
0.491865
0.562573
0.592831
0.560459
0.587637
0.572222
0.585731
0.614122
0.616876
0.559273
0.617765
0.571436
0.604171
0.651898
0.55777
0.614296
0.629441
0.599882
0.616963
0.567044
0.663116
0.574328
0.554743
0.585084
0.629614
0.622937
0.659307
0.605464
0.648895
0.680761
0.595159
0.638131
0.519857
0.567876
0.632964
0.654157
0.602539
0.589417
0.620609
0.535924
0.639935
0.564825
0.580583
0.628722
0.577775
0.581569
0.583387
0.688893
0.596591
0.592155
0.640542
0.63285
0.585538
0.616959
0.604413
0.623838
0.637092
0.677488
0.604776
0.576983
0.607737
0.618619
0.578624
0.628295
0.698419
0.649646
0.591032
0.598209
0.653745
0.624494
0.590306
0.621931
0.541317
0.577932
0.576337
0.611268
0.562655
0.639657
0.537292
0.565333
0.632938
0.643531
0.555204
0.584194
0.611821
0.594223
0.640007
0.624324
0.576663
0.633167
0.591631
0.629417
0.560643
0.585682
0.606257
0.608837
0.572901
0.604985
0.598229
0.644634
0.656026
0.62243
0.699347
0.601403
0.625488
0.690288
0.538185
0.639589
0.600791
0.587392
0.568663
0.568922
0.571966
0.60327
0.598679
0.590096
0.650607
0.623847
0.622072
0.556435
0.559734
0.583008
0.623955
0.593985
0.652695
0.579376
0.571031
0.558783
0.570458
0.721685
0.565083
0.560123
0.578346
0.595115
0.599759
0.599386
0.603127
0.646881
0.551016
0.635449
0.618268
0.63107
0.565815
0.595874
0.601664
0.57731
0.604288
0.640638
0.608333
0.551219
0.638434
0.587112
0.555601
0.611954
0.554205
0.568622
0.68341
0.598207
0.550211
0.591299
0.647121
0.596203
0.541162
0.597658
0.61983
0.61055
0.587977
0.622799
0.634039
0.676367
0.648291
0.617965
0.585717
0.584612
0.532381
0.613699
0.567884
0.591791
0.684058
0.656829
0.542817
0.584745
0.603326
0.608576
0.584813
0.583953
0.558654
0.591945
0.601443
0.595663
0.562512
0.538667
0.646526
0.637792
0.655559
0.630128
0.553054
0.619739
0.618989
0.607333
0.582925
0.549794
0.597071
0.578835
0.593571
0.695465
0.532909
0.596832
0.576363
0.579542
0.59715
0.578461
0.647247
0.561863
0.603543
0.567283
0.632629
0.717286
0.56472
0.632656
0.645615
0.52591
0.513133
0.601034
0.592713
0.573461
0.579513
0.579216
0.582265
0.568467
0.538234
0.607526
0.612469
0.719775
0.623278
0.620107
0.549073
0.619475
0.604554
0.590849
0.62731
0.658722
0.614838
0.702284
0.602895
0.663439
0.551203
0.637025
0.545701
0.578867
0.586362
0.579185
0.572589
0.592984
0.559043
0.699774
0.655226
0.513547
0.60442
0.595248
0.647839
0.582127
0.601983
0.623876
0.614281
0.603066
0.651473
0.534761
0.656849
0.638398
0.55628
0.624629
0.615058
0.582551
0.627053
0.530368
0.583137
0.705753
0.575509
0.641129
0.604648
0.619901
0.604052
0.637509
0.654105
0.630851
0.611641
0.537111
0.492034
0.580047
0.581652
0.631135
0.573185
0.588173
0.557987
0.573586
0.580494
0.667988
0.637331
0.548331
0.605163
0.60883
0.600087
0.57844
0.553156
0.524058
0.58699
0.552125
0.562632
0.534591
0.650937
0.596997
0.702884
0.60553
0.520746
0.612801
0.63534
0.615472
0.585251
0.568727
0.628039
0.573878
0.593298
0.628206
0.611504
0.560309
0.544935
0.616326
0.610886
0.590319
0.571634
0.5737
0.653908
0.675711
0.614053
0.592438
0.626608
0.587739
0.574465
0.645602
0.555688
0.570267
0.644767
0.625928
0.615603
0.603897
0.543348
0.571686
0.651256
0.593709
0.481567
0.608225
0.512969
0.612082
0.563293
0.641134
0.679054
0.635104
0.586626
0.571224
0.657337
0.552859
0.610193
0.59401
0.592109
0.527144
0.611171
0.567853
0.546458
0.588709
0.604264
0.535662
0.54301
0.601184
0.621914
0.602432
0.573727
0.565313
0.584972
0.637046
0.562444
0.661488
0.588919
0.642183
0.565603
0.656651
0.606147
0.634132
0.650266
0.539942
0.639657
0.561894
0.601939
0.666291
0.592387
0.562892
0.585555
0.555257
0.624618
0.652341
0.58663
0.607992
0.574468
0.64009
0.642368
0.554816
0.628806
0.558219
0.600116
0.582827
0.661984
0.593828
0.59588
0.637747
0.588191
0.664703
0.66318
0.638067
0.680061
0.606013
0.608483
0.644448
0.575951
0.526243
0.55399
0.670203
0.587821
0.58328
0.606874
0.541418
0.636709
0.598453
0.634369
0.609403
0.573361
0.572872
0.650092
0.53657
0.620858
0.596227
0.585318
0.628977
0.601321
0.569117
0.557333
0.5888
0.639241
0.623999
0.635143
0.621948
0.59678
0.622815
0.557399
0.562693
0.599612
0.552964
0.63022
0.605088
0.650089
0.570249
0.572208
0.59824
0.584169
0.616513
0.591387
0.552409
0.654896
0.569081
0.602074
0.580849
0.604907
0.578609
0.571212
0.670279
0.527005
0.667814
0.631516
0.58638
0.565222
0.628047
0.615492
0.598914
0.577028
0.6673
0.53962
0.589849
0.628264
0.586652
0.593553
0.593044
0.66597
0.634844
0.589563
0.61991
0.591679
0.576823
0.547632
0.552151
0.612802
0.589034
0.612103
0.565561
0.616786
0.611165
0.520076
0.61823
0.623882
0.636094
0.583751
0.640398
0.651352
0.617231
0.616821
0.661726
0.612224
0.63714
0.627004
0.591639
0.642212
0.595481
0.650044
0.575468
0.57727
0.65043
0.589621
0.570789
0.577999
0.600239
0.589852
0.612523
0.608642
0.59624
0.612215
0.518981
0.539523
0.602782
0.535777
0.585065
0.664421
0.622808
0.573329
0.702452
0.568905
0.552381
0.629151
0.543121
0.684779
0.64407
0.580631
0.630876
0.635278
0.571499
0.602456
0.556907
0.558109
0.573012
0.564069
0.719358
0.665801
0.653889
0.594561
0.62747
0.641533
0.631205
0.624528
0.583152
0.614646
0.640965
0.587076
0.649854
0.570881
0.599875
0.584163
0.654564
0.563106
0.618734
0.610648
0.5461
0.627281
0.708264
0.615286
0.575665
0.59849
0.560455
0.640035
0.572234
0.63672
0.629246
0.624952
0.608043
0.623118
0.625573
0.603105
0.618684
0.562753
0.649262
0.540268
0.600045
0.619166
0.621313
0.666114
0.610441
0.661
0.670045
0.616327
0.642984
0.648307
0.621291
0.629494
0.619276
0.558468
0.618082
0.594547
0.582285
0.636854
0.579224
0.597693
0.645729
0.708577
0.648815
0.675858
0.616786
0.588972
0.598516
0.624356
0.645917
0.634653
0.659496
0.739619
0.575484
0.609139
0.555831
0.663299
0.568241
0.598904
0.52322
0.604191
0.644837
0.55212
0.626791
0.651068
0.544456
0.619102
0.576
0.57916
0.60213
0.614431
0.619011
0.593259
0.625598
0.604307
0.645193
0.586969
0.612912
0.642336
0.631581
0.590271
0.556987
0.59062
0.640242
0.614705
0.66299
0.567455
0.584851
0.671273
0.567564
0.607578
0.625879
0.586193
0.58822
0.615988
0.631804
0.545449
0.617652
0.625752
0.610686
0.662718
0.603162
0.56146
0.63107
0.613494
0.533401
0.590852
0.637842
0.587723
0.609855
0.640521
0.631189
0.600983
0.633849
0.598736
0.594642
0.570469
0.561319
0.612474
0.602663
0.545824
0.533638
0.598253
0.635095
0.603252
0.539131
0.593793
0.594603
0.603325
0.645808
0.590938
0.59368
0.601293
0.627763
0.543818
0.574044
0.603583
0.607114
0.581031
0.654077
0.599079
0.593372
0.639847
0.582004
0.645742
0.648888
0.606018
0.569783
0.572494
0.545178
0.637045
0.598765
0.548404
0.58368
0.593412
0.649364
0.547466
0.625513
0.599002
0.654019
0.584672
0.627727
0.63213
0.553795
0.65499
0.598281
0.582394
0.601122
0.725223
0.663154
0.585146
0.652206
0.664386
0.607205
0.617964
0.601216
0.614865
0.59636
0.547204
0.573354
0.564664
0.667971
0.620543
0.567712
0.560188
0.622033
0.655865
0.623257
0.588386
0.565137
0.621795
0.596193
0.637152
0.530487
0.571688
0.617414
0.630935
0.677183
0.624974
0.580464
0.728676
0.570858
0.600576
0.546309
0.633523
0.647427
0.583689
0.563041
0.609518
0.592764
0.606559
0.584604
0.584254
0.690393
0.653659
0.596888
0.62338
0.553354
0.710593
0.58054
0.659594
0.647516
0.634048
0.555019
0.630348
0.626275
0.610736
0.590184
0.568599
0.530992
0.621493
0.594964
0.539156
0.578263
0.612089
0.579988
0.575877
0.619855
0.57889
0.600352
0.637379
0.637195
0.636212
0.575814
0.615696
0.54917
0.636411
0.617699
0.592945
0.559278
0.574634
0.535722
0.610444
0.617333
0.633571
0.541358
0.567389
0.594089
0.635469
0.633953
0.630889
0.683931
0.587525
0.606504
0.680597
0.722734
0.558094
0.573894
0.624665
0.627763
0.591539
0.603962
0.633945
0.541144
0.596168
0.636068
0.629402
0.566095
0.638289
0.577319
0.613054
0.605796
0.6186
0.638668
0.669217
0.588916
0.578766
0.636252
0.595164
0.629441
0.653751
0.571726
0.561174
0.619026
0.621703
0.569903
0.602566
0.705558
0.607186
0.542795
0.612194
0.536006
0.60818
0.594554
0.581431
0.538208
0.614051
0.560987
0.610748
0.610288
0.625783
0.535165
0.589176
0.68698
0.580488
0.658396
0.620094
0.543175
0.662439
0.572311
0.574292
0.578469
0.571499
0.574438
0.599879
0.59625
0.622363
0.613348
0.597497
0.608078
0.572938
0.608341
0.619532
0.563461
0.539719
0.599254
0.537562
0.651545
0.593896
0.581668
0.640275
0.602592
0.599216
0.621315
0.60409
0.626498
0.55271
0.621152
0.609995
0.650392
0.529555
0.549435
0.54239
0.51396
0.607446
0.504258
0.630225
0.609508
0.564668
0.634793
0.546442
0.665655
0.574899
0.530069
0.624712
0.609758
0.61316
0.618401
0.588738
0.59072
0.627938
0.605848
0.63099
0.590184
0.585838
0.628297
0.649966
0.533559
0.574304
0.660993
0.567509
0.586871
0.63946
0.587953
0.645202
0.617389
0.598306
0.560399
0.586468
0.531227
0.556199
0.561957
0.600585
0.605064
0.588928
0.614582
0.568702
0.614957
0.664805
0.630924
0.546651
0.670267
0.568029
0.534404
0.590492
0.616022
0.630284
0.529006
0.540714
0.627828
0.638466
0.567013
0.591515
0.539514
0.591962
0.615858
0.61045
0.496987
0.649369
0.554963
0.658872
0.604626
0.622613
0.562817
0.56784
0.599246
0.619522
0.652505
0.594861
0.578284
0.562812
0.52773
0.639029
0.603484
0.623102
0.598007
0.532714
0.593862
0.597311
0.571742
0.623803
0.61494
0.593922
0.562509
0.616862
0.606673
0.635101
0.635305
0.627732
0.623461
0.582309
0.623361
0.625525
0.570518
0.651424
0.632517
0.64857
0.57885
0.667382
0.557071
0.565521
0.558539
0.59586
0.672178
0.622249
0.547804
0.560137
0.672078
0.633624
0.606216
0.589931
0.613802
0.601537
0.592538
0.573769
0.636066
0.563695
0.524072
0.553893
0.569035
0.562246
0.598325
0.577441
0.594999
0.655175
0.604634
0.562326
0.604933
0.605241
0.619291
0.576061
0.512275
0.576468
0.587915
0.584974
0.605019
0.572453
0.627128
0.551128
0.585734
0.612006
0.637673
0.583785
0.651593
0.649321
0.602206
0.626582
0.596222
0.638037
0.528954
0.6062
0.578413
0.622369
0.538913
0.57363
0.579489
0.67069
0.602771
0.611376
0.624672
0.623451
0.638352
0.588123
0.547205
0.565055
0.58242
0.593575
0.670727
0.575325
0.626527
0.558659
0.620972
0.587371
0.600539
0.667697
0.616995
0.609514
0.549804
0.588155
0.594545
0.588654
0.562564
0.616987
0.611695
0.679918
0.514414
0.578702
0.717452
0.632286
0.566085
0.563145
0.60032
0.60802
0.59094
0.623768
0.68971
0.536301
0.644198
0.645138
0.576099
0.579787
0.546102
0.602229
0.600388
0.614371
0.500335
0.572247
0.563054
0.639534
0.571212
0.777528
0.568481
0.555768
0.638463
0.591466
0.597682
0.590092
0.621677
0.557819
0.651021
0.616427
0.588988
0.599303
0.598364
0.613974
0.62323
0.598533
0.59646
0.558284
0.607461
0.673137
0.559761
0.52509
0.593628
0.573452
0.590153
0.666565
0.632767
0.593083
0.571821
0.613427
0.621864
0.611055
0.681644
0.657513
0.613075
0.555177
0.585781
0.592822
0.584748
0.602614
0.585822
0.561523
0.552158
0.616563
0.600257
0.600465
0.53477
0.61351
0.562079
0.592181
0.596535
0.632387
0.5989
0.589192
0.585795
0.561211
0.541615
0.539134
0.556715
0.635324
0.626608
0.585236
0.552611
0.644734
0.587291
0.628563
0.566777
0.579001
0.563214
0.583086
0.605098
0.531918
0.602041
0.570531
0.630788
0.673541
0.618917
0.593712
0.589029
0.565702
0.650552
0.624058
0.654411
0.601824
0.512638
0.615385
0.593494
0.60553
0.649686
0.692892
0.558722
0.664637
0.586979
0.689395
0.570613
0.539888
0.608917
0.653211
0.579302
0.615316
0.607334
0.594831
0.552715
0.577275
0.635531
0.573296
0.667419
0.595814
0.586331
0.68158
0.572151
0.561673
0.566553
0.593859
0.569415
0.618096
0.593815
0.621712
0.686383
0.632687
0.599833
0.556159
0.575403
0.611168
0.65606
0.543049
0.612524
0.519454
0.670006
0.613737
0.543133
0.564851
0.624333
0.602287
0.592783
0.609385
0.631751
0.62663
0.628863
0.616179
0.640602
0.610578
0.674325
0.55428
0.578877
0.66145
0.635577
0.554345
0.522656
0.556904
0.644224
0.626732
0.603122
0.566295
0.682337
0.670006
0.626107
0.578204
0.653546
0.639293
0.617407
0.631503
0.570811
0.62703
0.609931
0.56887
0.551393
0.57058
0.613372
0.595825
0.609196
0.646236
0.639924
0.592883
0.541188
0.535358
0.656724
0.591347
0.533171
0.528863
0.568612
0.630521
0.547338
0.641426
0.571458
0.690953
0.631222
0.681136
0.638947
0.619507
0.656173
0.648462
0.620465
0.595173
0.65909
0.568765
0.628672
0.553324
0.588931
0.646191
0.661985
0.602878
0.586049
0.565468
0.587391
0.617454
0.525434
0.607566
0.655256
0.677751
0.607623
0.620117
0.663891
0.547698
0.627406
0.580539
0.509528
0.594282
0.666507
0.559797
0.576378
0.598763
0.576133
0.656391
0.626669
0.528072
0.589237
0.597333
0.560083
0.653932
0.635514
0.586506
0.648695
0.658785
0.554162
0.541539
0.591933
0.565877
0.585717
0.607986
0.586328
0.665834
0.640198
0.550969
0.583148
0.620761
0.584908
0.558113
0.595191
0.653013
0.559569
0.661092
0.578162
0.570654
0.48826
0.671323
0.548905
0.607781
0.614905
0.607274
0.544438
0.556027
0.596837
0.566758
0.539375
0.636421
0.657082
0.601284
0.620014
0.669319
0.631367
0.643971
0.561275
0.566093
0.588128
0.605371
0.664406
0.605458
0.574661
0.654354
0.595069
0.645535
0.575272
0.641381
0.613288
0.588817
0.565581
0.583325
0.600038
0.641248
0.595198
0.656915
0.600782
0.601244
0.603526
0.62697
0.557836
0.612705
0.644996
0.701063
0.540606
0.652844
0.58659
0.665246
0.61125
0.523625
0.595116
0.683005
0.575008
0.629921
0.609437
0.56979
0.601721
0.544973
0.608831
0.634133
0.659137
0.620254
0.605185
0.577052
0.643812
0.571769
0.610347
0.587123
0.592693
0.596911
0.591961
0.647439
0.639721
0.601869
0.608663
0.556815
0.608365
0.589518
0.55489
0.580477
0.61149
0.613329
0.528617
0.610864
0.576887
0.584092
0.631599
0.649952
0.593688
0.611282
0.537994
0.57289
0.623189
0.597341
0.628395
0.59925
0.648855
0.622003
0.631164
0.550642
0.594511
0.589293
0.595133
0.5981
0.592934
0.544093
0.632356
0.638231
0.674261
0.663194
0.606865
0.545705
0.643163
0.588967
0.540348
0.61318
0.532159
0.557594
0.594716
0.65691
0.643501
0.676632
0.591881
0.631756
0.592142
0.637542
0.650136
0.577913
0.599738
0.622275
0.61008
0.649163
0.678644
0.558103
0.587838
0.616087
0.582122
0.549327
0.60217
0.608189
0.530215
0.560161
0.619088
0.623661
0.684171
0.543118
0.662696
0.58949
0.626413
0.705395
0.587604
0.567817
0.646531
0.627557
0.597922
0.63692
0.627875
0.616673
0.62311
0.673657
0.563227
0.635021
0.605161
0.545377
0.613157
0.606139
0.638007
0.606302
0.585837
0.574669
0.587627
0.627762
0.61194
0.642396
0.580619
0.580961
0.578002
0.623415
0.532518
0.654531
0.628962
0.612925
0.55331
0.628498
0.555957
0.666357
0.547358
0.596026
0.579974
0.59105
0.633762
0.602631
0.522228
0.708838
0.574488
0.576373
0.659686
0.632795
0.606244
0.591043
0.55373
0.671885
0.529377
0.591133
0.612984
0.57929
0.555003
0.60404
0.662766
0.584929
0.634271
0.577511
0.592302
0.606511
0.622703
0.582554
0.584368
0.567354
0.589692
0.613434
0.605928
0.563985
0.594113
0.608913
0.616911
0.584514
0.543378
0.609302
0.694149
0.640849
0.592891
0.656287
0.563601
0.603305
0.598525
0.540003
0.560671
0.553895
0.578127
0.619431
0.649962
0.569862
0.637727
0.613594
0.639395
0.681181
0.616934
0.616935
0.597204
0.564136
0.615692
0.600695
0.620862
0.545956
0.628926
0.638974
0.621035
0.607231
0.680392
0.544726
0.611859
0.566679
0.596182
0.547624
0.59798
0.62963
0.564455
0.646584
0.649754
0.5991
0.614087
0.602331
0.644866
0.59956
0.610923
0.536621
0.610446
0.600524
0.603285
0.571896
0.630661
0.620413
0.620526
0.620246
0.6512
0.628259
0.633096
0.679378
0.554677
0.596986
0.618708
0.582976
0.579686
0.583489
0.59478
0.632799
0.615676
0.628018
0.57092
0.641842
0.619609
0.566224
0.623707
0.553889
0.586765
0.598713
0.620086
0.628271
0.628357
0.698904
0.576493
0.648273
0.638579
0.618312
0.635504
0.592775
0.640879
0.606248
0.55217
0.645951
0.594163
0.63501
0.672073
0.650395
0.587547
0.569096
0.585384
0.647744
0.669152
0.576493
0.546682
0.682849
0.625329
0.631795
0.563201
0.609322
0.581803
0.598131
0.6421
0.599001
0.527242
0.615298
0.565581
0.643835
0.522177
0.617652
0.576906
0.636226
0.632991
0.572066
0.546365
0.677317
0.653083
0.596331
0.581433
0.682818
0.563725
0.615955
0.658449
0.664212
0.59154
0.57873
0.583599
0.632042
0.621526
0.549686
0.575198
0.567804
0.610274
0.632921
0.595161
0.616804
0.652769
0.613653
0.597045
0.658313
0.649364
0.5413
0.562544
0.599527
0.557425
0.53828
0.568284
0.60947
0.553694
0.538169
0.612868
0.596507
0.654162
0.631004
0.601633
0.582472
0.581864
0.589474
0.575397
0.627635
0.572403
0.710606
0.584334
0.64079
0.607515
0.593229
0.571473
0.596667
0.625536
0.554901
0.621063
0.625616
0.615074
0.581278
0.701185
0.606283
0.523419
0.608956
0.666284
0.582876
0.570058
0.539821
0.603279
0.591711
0.62064
0.642613
0.573616
0.616246
0.689109
0.665442
0.67629
0.611746
0.651682
0.613146
0.573042
0.615748
0.620214
0.645012
0.64817
0.608353
0.585648
0.59333
0.656225
0.611535
0.586128
0.604548
0.665716
0.645638
0.622666
0.581459
0.61866
0.586638
0.627571
0.640557
0.621988
0.634409
0.620411
0.578806
0.611359
0.66578
0.602667
0.60521
0.556955
0.603166
0.650494
0.617059
0.577625
0.62648
0.644813
0.604632
0.617985
0.622874
0.586528
0.662227
0.646539
0.548033
0.636271
0.625937
0.631471
0.61831
0.615264
0.65732
0.623179
0.621648
0.58234
0.652421
0.630142
0.668775
0.613296
0.640618
0.584982
0.654395
0.61994
0.692834
0.619836
0.667408
0.60346
0.602717
0.587124
0.590399
0.642414
0.640993
0.629392
0.634691
0.63736
0.599693
0.643951
0.583675
0.591456
0.654277
0.620881
0.636259
0.676915
0.619742
0.551378
0.625657
0.538371
0.656462
0.625269
0.605471
0.617892
0.57194
0.598319
0.677465
0.668045
0.608244
0.634747
0.582655
0.595863
0.622776
0.6275
0.605062
0.653509
0.599869
0.661671
0.617392
0.581601
0.557305
0.599233
0.61745
0.590676
0.649648
0.682382
0.597194
0.644471
0.544548
0.611237
0.627524
0.646121
0.579093
0.670117
0.533964
0.669936
0.560367
0.63826
0.559238
0.600629
0.52991
0.639163
0.598242
0.597415
0.678629
0.648448
0.702947
0.667471
0.66451
0.592718
0.608244
0.558786
0.575939
0.61444
0.589427
0.60815
0.615385
0.621575
0.677424
0.694071
0.621816
0.592656
0.602612
0.569303
0.614551
0.528001
0.576694
0.605268
0.536411
0.531178
0.698898
0.581182
0.573415
0.622365
0.639691
0.631057
0.655096
0.583925
0.551111
0.637881
0.585572
0.596208
0.479925
0.621239
0.556301
0.600575
0.64728
0.60679
0.639474
0.660023
0.651384
0.615579
0.660033
0.567491
0.557086
0.654387
0.616661
0.574873
0.635701
0.634026
0.646232
0.571682
0.571875
0.56522
0.628489
0.611973
0.542406
0.562632
0.604806
0.662991
0.600088
0.578182
0.633218
0.592357
0.646797
0.638524
0.595296
0.586448
0.63163
0.554173
0.638243
0.625858
0.604601
0.745925
0.535291
0.659425
0.557278
0.579654
0.595682
0.519253
0.618086
0.614995
0.666643
0.57032
0.637252
0.586457
0.649741
0.624323
0.639713
0.639767
0.585983
0.61427
0.617141
0.621216
0.666045
0.582157
0.586275
0.544261
0.612485
0.580593
0.685308
0.648565
0.634781
0.581517
0.643266
0.624159
0.634424
0.631903
0.629276
0.544501
0.613289
0.610208
0.61273
0.629541
0.574784
0.54641
0.623859
0.659828
0.667829
0.551269
0.506467
0.582049
0.545199
0.641177
0.620484
0.656684
0.625069
0.575099
0.577527
0.631364
0.666386
0.546163
0.61525
0.591803
0.568473
0.588942
0.616013
0.648268
0.639502
0.658466
0.686696
0.57142
0.580967
0.599496
0.590693
0.670401
0.590558
0.685105
0.629788
0.64847
0.535179
0.560528
0.629023
0.659086
0.62573
0.585091
0.521987
0.609936
0.630081
0.625554
0.648062
0.597957
0.602673
0.639125
0.640938
0.659427
0.615387
0.619563
0.648301
0.634112
0.709757
0.649327
0.566174
0.581422
0.690248
0.632695
0.663522
0.574213
0.629625
0.621332
0.575701
0.609973
0.517218
0.63588
0.5735
0.584876
0.594681
0.566058
0.578629
0.597203
0.57723
0.569494
0.611081
0.607371
0.549205
0.656054
0.624202
0.553984
0.556398
0.585148
0.746379
0.537937
0.578537
0.60626
0.568356
0.641074
0.617722
0.594043
0.64694
0.621812
0.58505
0.58039
0.643706
0.567743
0.611615
0.585382
0.624983
