5.00037
4.97817
5.00739
4.95544
4.97587
4.97445
4.89398
4.7163
4.44976
4.29712
4.45932
3.49488
3.28766
2.86753
1.98743
1.70085
1.93736
2.66562
3.11575
2.54087
3.16441
2.16857
2.44687
2.39534
2.91602
2.03742
2.68988
2.75437
2.0781
2.35002
3.08447
2.5442
2.21454
2.0071
2.30148
2.50522
1.946
2.48688
2.83699
2.6929
2.68675
2.56561
2.7107
2.39016
2.53157
2.83991
2.97031
2.91872
3.03326
2.53005
2.70099
2.98689
2.71822
2.73043
2.91109
3.14764
2.75812
2.62377
2.33338
2.65013
2.47471
2.38253
2.42745
2.86719
2.73371
2.6543
3.27673
2.81467
2.40389
2.3774
2.57391
2.8988
2.48442
2.57143
2.72748
2.66224
2.87718
2.30676
2.79642
2.73289
2.1793
2.37356
2.83228
2.7201
2.84331
3.00937
2.91872
2.97267
2.85602
2.56109
2.46735
2.61477
2.47594
2.73291
2.74388
2.6732
2.71475
2.59632
2.66409
2.87612
3.09497
2.70184
2.78305
2.90409
2.6054
2.32413
2.61501
2.97827
2.9432
2.80696
2.78849
2.72081
2.59062
2.59333
2.48818
2.51676
2.45756
2.17862
2.46886
2.79965
2.9356
2.87553
3.06725
2.83763
3.15686
2.54363
2.89375
2.59005
2.68201
2.67921
3.36427
2.62316
3.09935
2.16907
2.86239
2.77007
2.65466
3.07566
2.79434
3.19332
2.71047
2.73334
3.3199
2.9398
3.09212
2.46666
3.24533
2.75867
2.9247
2.95207
2.49391
3.28309
3.10542
2.88132
2.66832
3.1593
2.45944
2.37593
3.15563
2.86661
2.6494
2.58486
2.91955
3.3379
2.94616
2.99392
3.0637
2.90489
3.05769
2.86065
2.66333
2.54689
2.73662
2.92385
2.49424
2.93835
2.76705
2.19137
3.08432
3.37193
2.93113
2.65736
2.89433
2.91579
2.54574
3.01893
3.00674
3.29947
2.75647
2.78152
3.37006
2.9599
3.05482
2.62108
3.02363
3.2089
3.10776
3.15748
2.85278
3.14578
2.8791
3.05442
3.16719
2.66225
3.0178
3.32808
3.02846
3.16071
3.62188
3.14484
2.47102
2.69617
2.57505
2.53013
2.75612
3.17123
3.22739
2.57733
2.38819
2.59893
2.9175
2.58138
2.53138
2.81793
2.50991
2.5963
3.21471
3.20738
2.61649
2.50798
2.56407
2.58396
3.06232
2.12283
2.6604
2.88405
2.72761
2.86715
2.45525
3.05854
3.29398
3.06799
2.78483
3.23084
3.23312
2.9586
3.3827
3.38287
2.88351
2.794
3.06599
2.54787
2.64857
3.23917
3.06178
2.44718
3.26601
2.962
2.73512
2.96871
2.75112
2.71035
2.77812
2.82484
2.57378
3.20731
2.9642
2.86728
3.04144
2.85022
2.68562
2.96977
3.03601
2.72412
2.63389
2.38475
2.93082
2.42792
2.79473
2.79567
2.59608
2.8382
2.58132
2.6729
2.78237
2.73547
2.95532
2.45523
2.51967
2.29241
3.36626
2.65234
2.64625
2.64309
3.06688
2.24957
3.0329
2.64756
2.78417
2.84603
2.58468
3.11529
3.06188
2.75259
2.56219
3.03488
2.58054
2.80934
3.13828
2.90844
2.73782
2.90518
2.9807
2.78648
2.78793
2.61901
2.91369
3.01859
2.74929
2.83416
2.32853
2.58683
2.64724
3.01811
2.74787
3.09391
2.76986
2.78102
2.92268
2.9865
2.74497
2.8251
2.88944
2.96865
3.01938
2.99261
3.13533
2.79191
2.6025
2.82928
2.60943
2.74214
3.09967
2.93624
3.19071
2.54092
2.07928
2.77574
3.14857
3.50128
2.574
2.44348
2.98101
2.533
2.54437
2.7462
2.9077
2.6077
2.56599
2.9012
3.17756
2.56038
2.74788
2.62548
2.88605
3.354
3.054
2.36498
3.29259
2.47423
2.96346
3.29465
2.77878
2.45957
3.37537
3.5742
3.15558
2.96369
3.2078
3.12901
2.79515
2.87636
3.28659
2.92305
2.96848
2.77212
2.96707
2.75975
3.1673
2.80534
2.59503
2.83545
2.92581
3.32541
2.86026
3.15422
3.03296
2.83439
2.72382
3.34604
2.70564
2.45119
3.06118
2.75206
2.85169
3.42328
2.53511
3.14273
2.98197
2.64693
3.25176
3.15254
2.85567
2.98944
3.49222
3.26753
3.20722
2.53986
2.99298
3.26775
3.12663
2.8728
3.11737
3.1015
3.04277
3.11644
3.06159
2.90495
2.89448
2.93616
2.72101
3.01933
2.89717
3.23371
2.64111
2.7908
2.55393
2.7324
3.25334
2.92916
3.30831
2.86332
2.50348
2.98471
2.68911
2.44762
2.52585
3.06105
2.8841
3.50581
2.77953
3.02331
3.04396
2.90049
3.3843
3.01285
2.95768
2.83879
3.36638
2.40964
3.26976
2.76588
3.02264
2.74142
2.89772
3.05358
2.94369
3.1
2.76083
2.90828
3.3112
2.60737
2.80261
2.71888
2.91051
2.78865
2.8852
2.73563
2.54711
2.66272
2.85236
2.6303
2.33092
2.85001
3.40484
2.87729
3.23844
2.74751
3.03445
2.43021
2.88126
3.57895
2.56605
2.43895
3.02153
2.6315
2.75976
3.10626
2.75238
2.83328
2.68704
3.24305
2.85334
3.20117
2.94305
2.90375
2.98465
2.83415
2.93709
2.9252
2.52009
2.47056
2.15231
2.9461
2.84237
2.70937
3.10711
2.59498
3.28793
2.72591
3.48579
3.2198
2.97705
2.78298
2.69287
2.53099
2.96384
2.56088
2.97266
3.37484
3.48292
2.84333
3.25278
3.33913
3.01732
3.07625
2.79717
2.97199
2.97131
2.93731
3.04794
3.31995
3.06338
3.67408
2.92438
2.5694
3.15582
3.01476
2.95291
2.94428
2.7172
2.96482
3.33113
2.9139
3.11631
3.13219
2.82945
2.93548
2.84945
3.23913
3.17234
3.19357
2.77805
3.58452
3.47626
3.43369
3.30853
3.1192
2.7573
2.74194
3.66032
2.75075
3.08307
3.14512
3.12706
3.33714
2.85134
2.80826
2.79066
3.02508
2.80799
3.00019
3.35853
2.95998
3.53079
3.25801
3.00432
2.80306
2.62799
3.08884
2.63865
2.77689
3.34614
3.36881
3.30105
3.16572
3.05717
3.10048
3.44348
2.69834
3.04851
2.90959
2.73944
3.06947
2.94576
3.04207
2.62175
3.45537
3.05658
2.74692
2.48018
2.94226
3.27159
3.15155
3.25474
2.88536
3.43842
2.92691
3.16346
3.02832
2.86227
3.34998
2.59384
3.55955
2.98743
3.03455
3.19016
2.81742
3.1348
2.71012
3.31725
3.17704
3.2971
2.75664
3.31039
2.43919
3.43886
2.7035
2.62121
3.06356
2.77485
3.06895
2.84678
3.04023
3.11208
3.14797
2.79126
3.15364
3.17704
3.13244
3.14362
3.27414
2.89243
3.001
2.58743
2.86529
2.58564
3.24734
2.78021
2.76954
3.12414
3.204
3.14331
2.78918
2.86753
2.84624
3.10054
3.17696
2.7059
3.09109
2.81479
3.0336
2.83001
2.84863
3.23327
2.84573
2.63497
2.5267
2.75476
3.02506
3.08668
2.69444
3.05581
3.05482
3.1257
3.14005
2.88114
3.20926
2.80685
2.63359
3.10341
3.16095
2.65114
3.20787
2.6458
2.50678
3.22451
2.88594
3.42143
3.36129
3.2625
2.7727
3.19207
3.02254
2.88351
2.92628
2.59704
3.58955
2.70379
3.26131
3.11624
3.06256
3.24572
2.68164
2.88059
2.92796
2.99667
3.12709
2.9811
3.29332
3.25733
2.8951
2.37372
2.87395
3.3804
3.16441
3.09373
3.21521
2.87022
3.30384
3.1
3.16
2.84392
2.98925
3.08671
2.75823
3.57349
2.82167
3.03127
2.93451
2.96452
2.59527
2.33033
2.9373
2.80934
3.3545
2.64124
2.82969
3.28468
3.34012
3.39186
2.66808
2.97482
3.07736
2.87444
3.08015
2.78653
2.99357
2.94138
2.96907
2.8654
2.74216
2.82939
2.50641
2.81922
2.95284
2.91505
3.1735
2.64551
3.31
3.06025
3.45921
3.33282
3.17796
3.23793
2.32938
3.18692
2.73444
3.1014
3.13503
2.91511
2.51357
3.24949
3.14248
2.72836
2.66651
2.51693
2.97545
3.09147
2.84902
2.80907
3.26229
3.13033
2.97545
2.96269
3.27292
2.81883
2.99018
2.9039
2.71952
3.18851
2.88113
3.21074
3.07777
3.29605
3.09889
3.20405
3.27394
3.34606
3.27692
3.00118
3.37719
3.27945
3.06218
3.14824
2.92614
3.08236
3.14239
3.21428
3.12168
3.19876
3.01645
3.08883
2.83707
2.86013
3.54142
2.57699
2.87731
2.70175
3.17739
3.3346
2.79995
2.89988
2.64841
3.14
2.51355
3.30627
3.04805
3.41628
3.41291
3.12776
2.78267
3.42215
3.09906
2.98341
2.91174
2.99884
3.50046
3.18542
2.97747
3.28533
3.43913
3.15921
2.93438
2.87648
2.64555
3.23231
3.14781
3.2835
3.23726
2.88574
2.73495
3.11144
3.10725
3.05626
3.10776
3.17205
2.87392
2.82091
2.67674
3.06946
3.39731
2.85755
3.4671
2.96668
3.13782
3.09176
2.98715
3.08442
3.03999
3.48226
3.03732
3.23399
3.32237
3.18691
3.04585
3.5544
3.3091
3.28406
3.03703
3.01766
2.97855
2.54769
2.58435
3.05085
3.19068
3.11621
2.87514
2.9516
3.05438
2.68157
2.93074
3.00585
3.15339
3.31633
3.33783
2.78473
2.97467
3.46732
2.89454
3.06609
3.15595
2.58236
2.876
3.4734
3.6603
2.97513
3.23014
2.57646
3.15498
3.29396
3.33434
2.74134
2.90042
3.11319
3.04249
2.81966
3.01849
3.04431
2.9889
3.31373
3.04574
3.30069
2.70671
3.6694
2.61758
3.12534
2.76412
2.99722
3.08512
3.13882
3.12294
2.76769
3.30033
2.82039
2.85863
2.93129
2.83877
3.34608
3.18383
2.71079
3.1999
2.78386
2.98176
2.8037
3.1711
3.48282
2.65099
3.33259
3.00134
2.86112
3.09499
2.80467
2.97104
2.76368
2.90049
3.43074
3.27288
3.41837
3.20321
3.12555
2.93177
3.05027
3.28465
2.93675
3.13889
3.07341
3.12365
3.38681
3.07073
2.86922
3.46695
2.7939
3.366
2.82038
2.94914
2.82806
3.39639
2.95603
3.10659
3.09399
3.28396
2.93531
3.40605
2.82361
3.30315
3.29806
3.24294
3.02232
3.13349
3.36707
3.58423
3.41247
2.94005
3.01645
2.74748
3.32658
2.77068
3.13306
3.16278
3.2932
2.95144
2.65627
2.9492
3.2384
2.94097
3.11322
3.40946
2.88061
3.43777
3.5161
2.86464
3.03385
3.17665
3.1778
3.34026
2.94404
3.18639
2.88457
3.01805
3.48661
2.72409
3.36727
3.26854
3.36088
2.94581
2.69252
3.58799
3.41783
2.81522
3.30453
3.22425
3.04176
3.18309
3.10788
3.17352
3.10028
3.28142
3.02224
3.34717
3.3254
3.07127
3.20978
3.07029
3.11955
2.70403
3.06512
3.12839
3.17055
2.84731
3.15596
3.01446
2.82875
3.163
3.12103
3.14536
3.30267
3.05396
3.28105
2.95637
2.92269
2.93467
3.11801
3.40242
3.33168
2.91555
3.01018
3.0108
3.30575
3.64542
3.28925
2.9411
3.28437
3.1534
2.88731
2.83616
2.67969
3.16939
2.95034
2.99624
3.07007
3.22492
3.03939
3.04924
3.11419
3.36802
2.69219
2.76767
2.54356
3.06287
2.88175
3.30163
3.16638
2.97232
2.57465
2.90208
2.76807
2.92216
3.20573
3.11001
2.72865
2.77709
3.458
2.84718
3.11922
3.1397
3.31252
2.83281
2.74541
3.31925
3.55065
3.00737
3.10662
3.2134
3.10597
3.31043
2.7713
3.00865
3.10326
2.66819
3.22322
3.4577
2.95119
3.26808
3.09067
2.94452
3.29143
3.02434
2.64521
3.12854
3.49383
2.84898
3.28813
3.21652
3.33343
3.11125
2.71182
3.33308
3.02447
3.4813
3.41911
3.18152
3.05499
3.53705
2.95012
3.35368
3.24676
2.89003
2.9745
2.69215
3.24602
3.09152
3.29069
3.02149
3.0761
2.98538
2.89136
3.39793
2.88138
3.15373
3.09342
3.16003
2.76749
2.91495
3.28302
2.98322
2.77701
2.99101
3.23354
3.32543
2.97082
3.42308
3.181
2.97536
3.22373
2.71822
3.53873
2.7355
2.9767
3.2746
3.00126
2.6766
3.27397
3.04815
2.82878
3.63191
2.94226
3.13383
2.72607
3.01817
2.91646
3.48377
2.7652
3.04753
2.95646
3.01359
3.2008
3.10096
3.23023
3.22868
3.02135
3.08843
3.03363
3.06741
3.2793
3.07389
3.15003
3.20144
3.16257
2.51355
3.34596
2.93765
2.87503
3.26335
2.8871
2.99062
2.83443
3.03797
3.41623
2.85164
3.14965
3.00563
3.2175
3.22603
2.86714
3.23293
3.20142
2.66359
3.37729
3.0705
2.9065
2.72785
3.22513
3.06266
3.37472
2.65978
3.07936
2.92553
3.21578
3.00918
3.16996
2.53063
2.90906
3.43723
3.48345
3.08659
2.94178
2.9303
2.97833
2.58057
2.98303
3.12245
2.94478
2.94309
3.02177
3.27537
3.01297
3.09602
3.24538
3.35259
3.33069
3.43813
2.94869
3.0618
3.33994
3.2809
3.45993
2.9145
2.9306
3.21319
3.18719
2.78271
3.13307
3.36233
2.79872
3.15866
2.82049
3.18255
3.54215
2.565
2.7506
2.79889
2.70969
3.19995
2.58522
2.92716
2.8457
2.9412
3.08023
2.58267
3.49737
3.47501
2.971
3.03746
3.05573
3.04003
3.13792
2.74456
2.78265
2.92817
3.11524
2.9881
3.23209
2.88355
2.45186
3.22339
2.93806
2.6216
3.24613
3.45544
3.04587
2.73807
3.10869
3.12055
2.93674
3.05577
2.7703
2.9778
2.77865
2.86872
2.66916
3.33319
3.04206
2.80904
3.15179
2.61217
3.05218
3.11823
3.07069
3.23737
3.25382
3.08993
3.14659
3.28526
3.4752
3.07222
3.24576
3.22536
3.61244
2.90737
3.1683
3.07945
3.3276
3.05936
2.8683
3.57183
3.43395
2.88888
2.72408
3.21487
3.20913
3.38944
3.25943
3.30846
2.85255
3.2298
2.90687
2.73228
3.41232
2.90078
2.97817
3.21925
3.17829
2.99686
2.9628
3.00374
2.72218
2.98763
3.16193
2.88516
3.01548
3.3026
3.30102
3.20013
3.27931
3.09671
2.99743
3.20081
3.49188
3.1116
3.38055
3.37967
3.39559
2.9171
3.35733
3.07636
3.1972
2.83153
3.08486
3.04456
3.14532
3.40232
3.11402
3.1093
3.55667
3.38528
2.31021
2.58821
3.1292
3.2602
2.96837
2.62931
3.08919
3.5081
3.12603
3.10981
3.36682
2.90142
3.35504
3.3784
3.0497
3.01634
2.903
2.96081
3.11947
2.80449
3.49651
3.19214
3.14384
2.90881
2.73617
3.48165
2.7666
3.10878
3.05318
3.01682
3.61335
3.39776
3.19223
2.7125
3.19368
2.85049
3.07707
3.32943
2.61272
3.75077
2.64155
3.37511
3.00052
2.92603
3.10496
2.98959
3.1993
2.93286
3.64855
3.05243
3.09158
3.27548
3.53689
3.31407
3.03229
3.28385
3.22615
2.81813
2.87837
2.87814
3.61085
3.04185
3.18646
3.47339
3.13473
2.81437
3.12323
3.02374
2.68047
3.15974
3.32219
3.28953
3.24041
2.875
2.87014
3.03935
3.12951
2.84529
2.94879
3.2038
3.19538
3.08033
2.78254
2.81701
2.96815
2.73696
2.82815
3.42509
2.9357
2.88012
3.04474
3.13298
2.70048
2.57363
2.95693
3.47509
3.07705
2.62356
3.10688
2.94605
3.02534
3.11637
3.23359
2.97808
2.91505
3.10334
2.64881
2.62448
3.25737
2.68688
2.81538
2.97589
3.1228
3.19899
3.64631
3.66434
2.77143
2.86758
3.09082
3.06893
3.33933
3.36981
3.43359
3.03536
2.89108
3.20445
3.27704
2.6794
3.46649
2.86799
2.80368
2.98702
3.06805
3.19236
3.01583
3.13888
3.22479
3.17505
2.81589
3.25727
3.11973
3.20246
3.08795
2.82433
3.40518
3.17309
3.11422
2.92803
2.53154
3.29131
3.2874
2.89884
2.9806
2.99081
2.83427
3.42847
3.34847
2.91126
2.86883
3.14853
3.00839
3.48142
3.25374
2.66995
3.71698
3.0532
2.97255
2.88523
3.09224
2.87163
2.95312
3.04243
2.32256
2.89235
3.11661
3.02114
2.88118
3.15515
2.94045
2.84212
2.99538
3.10473
3.43406
2.84423
3.19408
2.90556
2.94742
3.2574
3.02359
3.3903
2.97261
2.96493
2.79492
2.89564
3.15589
3.26265
3.26058
2.79859
3.34684
3.35946
2.97907
3.20905
3.15615
2.97318
2.78943
3.24917
2.97674
2.85786
3.19326
3.21729
2.64054
2.75511
3.36329
3.16025
2.8011
3.07645
2.94279
3.02591
3.01164
3.20496
3.33376
2.62309
2.92565
3.38877
3.37824
3.18816
2.84886
2.94945
3.12513
3.21881
2.88565
2.95339
3.17259
3.24024
2.97368
3.34989
2.72744
3.0973
2.58485
3.38805
3.07011
3.04574
3.08666
2.96881
3.03543
3.10392
2.85797
3.30334
3.28266
3.02923
2.97992
2.88877
3.11817
3.0763
3.41709
3.20706
2.78582
3.08625
2.69644
2.74971
3.44587
3.22576
3.31339
3.22246
2.93798
2.90081
3.03834
3.10972
3.44363
3.30098
2.96794
3.09717
3.0698
3.0783
3.01464
3.02991
3.07661
3.05867
2.88186
3.17907
3.50332
3.49262
2.81054
2.95315
2.92948
3.25758
3.12465
3.52262
2.98312
3.3002
3.23201
3.47437
2.94057
2.67436
2.76211
2.60484
3.12567
3.12032
3.11028
3.09543
2.75059
3.3916
3.39714
3.0083
2.77123
2.78277
2.91356
3.15618
3.01927
2.64328
3.43444
2.98641
3.07365
2.99383
2.69133
3.04422
3.38461
3.10289
3.38992
2.70185
3.27024
3.10907
2.94094
2.91661
2.96214
3.2156
3.05641
3.11817
3.5066
3.03163
3.02131
2.97341
2.97822
2.99519
3.30814
2.9613
3.106
2.95107
3.13579
3.25524
3.16035
3.08263
2.9967
2.95489
3.40917
3.02122
3.36254
3.00147
3.33544
2.43916
2.74383
2.98427
3.14431
2.99135
2.97003
2.78818
3.5278
3.64326
3.01541
3.34579
2.93661
3.53139
3.17651
2.97841
3.23106
3.39461
3.13414
3.03042
3.13779
3.22661
3.53367
2.8975
2.98874
3.49455
3.42796
3.19041
2.9345
3.39052
3.04044
2.65838
2.99701
3.40694
2.76254
3.04161
3.03054
3.33843
3.33263
3.38457
3.43263
3.23018
2.67027
3.33627
3.2231
3.05419
3.21906
3.37951
2.88964
2.98377
2.91199
3.3479
3.38825
3.13734
2.94346
3.08938
2.89876
3.32937
2.75316
2.79363
3.96344
2.97212
2.77731
2.99458
2.9976
2.94968
2.87297
2.90093
2.71996
2.95621
3.3449
3.08994
2.92593
3.06048
3.28677
2.89959
2.97382
3.13381
3.13698
3.1079
2.9118
3.57894
3.46771
2.85901
3.14071
2.87516
2.74413
3.14253
3.48712
3.04628
2.75339
3.14536
2.60357
3.27893
2.85345
2.88365
3.4647
3.13154
3.08801
2.83708
2.99894
3.18368
2.82211
2.72714
3.04015
3.08529
2.89104
2.7956
3.46904
3.34494
3.11175
3.18666
3.3637
3.17558
2.76143
2.55251
3.1545
3.23606
3.14113
2.66693
2.96975
2.85814
3.01728
3.11888
3.18627
3.11677
3.16302
2.94263
2.85691
3.39009
3.26131
3.05141
3.0213
2.89491
3.32113
3.20832
3.22515
3.14759
2.42808
2.79217
2.90511
3.23844
3.6271
3.35234
2.75265
3.19692
3.22928
2.98968
3.15154
3.2366
3.00783
2.81128
3.01923
3.00368
3.03751
3.11144
2.7296
3.14695
3.1878
3.0307
2.89788
3.50963
3.24145
3.32926
2.52514
3.01055
3.18222
2.81586
2.8557
3.08908
3.05542
3.33496
2.97961
3.11058
3.20686
2.9312
3.17711
2.891
2.62984
2.77575
3.02463
3.34386
3.05457
3.21553
2.92873
2.9109
3.435
3.10931
3.63283
3.20873
3.22189
3.22418
2.94951
2.68402
3.52439
3.28415
3.32157
3.00936
2.79655
3.10061
2.7276
3.42368
3.263
3.442
2.89446
3.13046
2.9175
3.1929
2.81019
3.09105
2.95338
3.06779
3.1056
2.88148
3.06987
2.44776
2.8792
3.40714
3.23426
2.62584
2.7474
2.66915
3.43026
2.98902
3.19344
2.76312
3.28855
2.92328
3.56174
3.06217
3.28994
3.43184
3.35683
2.92518
3.17177
3.39217
3.09517
2.83862
3.18317
3.21596
3.27749
3.0144
2.74227
3.0862
2.59712
3.5224
3.01395
3.42049
3.17807
2.91024
3.15599
3.30713
3.06171
2.95582
3.20785
3.20856
3.10611
2.74578
3.38348
2.97865
2.83366
3.20032
2.75151
3.24581
3.28711
3.01978
3.02215
2.85846
3.46924
3.09416
2.90846
3.21241
2.95144
2.98408
3.08275
2.98688
3.34708
2.58793
3.04117
3.08933
3.19793
3.05993
3.03635
3.36209
2.62107
3.54087
3.44467
3.12079
3.25267
3.29651
3.03431
3.18838
2.90614
2.93896
3.04306
2.73484
2.84421
3.06629
3.23058
3.04136
2.83232
2.96326
2.96724
2.82955
3.30973
3.15033
2.90613
3.35202
3.18079
3.55449
3.44881
2.67933
3.04235
3.36562
2.96639
3.48831
3.12712
3.26467
2.76299
3.37594
3.27043
3.20558
2.85414
2.85577
2.78683
3.05413
3.15796
2.92514
3.30178
3.31043
3.11318
2.95335
2.85284
2.67736
2.63709
2.98612
3.44979
3.32305
3.02766
2.76444
3.27715
2.76029
2.80594
3.31441
3.2317
3.38608
2.90935
3.13957
3.52801
3.48974
2.92397
3.47167
2.9534
3.02711
3.33046
3.10971
3.26275
2.8878
2.94968
3.39354
3.20851
2.86278
3.28786
3.05578
3.16773
3.33141
3.05788
2.97918
3.333
2.98029
3.44326
3.07512
3.01011
3.02905
3.19057
3.337
3.65021
2.52593
3.14114
3.22839
3.12136
3.15664
3.3756
3.58161
3.04243
3.14112
2.90066
3.37418
3.45336
3.44674
2.81123
3.08041
3.49628
2.94073
3.0918
3.03747
2.84412
3.3297
3.23986
2.78888
3.12527
3.12134
3.15068
3.2085
3.07209
2.69426
3.35637
2.85437
3.38792
3.20505
2.8925
3.08599
3.12411
3.36387
2.73198
3.00403
3.34187
3.43624
2.61225
2.78098
2.66105
3.28284
2.92033
2.65715
3.19008
3.05498
2.81988
3.58005
3.31759
3.0277
3.1925
3.01205
2.80861
2.70465
3.22031
2.90954
3.17537
3.50327
3.51019
2.67215
3.26425
3.25352
3.64035
3.21609
3.272
3.08888
3.11904
3.17775
2.77637
3.09531
2.72228
2.86379
3.08561
2.97006
2.6551
3.19617
2.72895
3.01619
3.03718
2.83623
3.17517
2.77804
3.07654
2.60581
3.19462
3.15331
3.34379
3.21535
2.91546
2.81619
2.71344
3.03782
3.19124
2.79554
3.07974
2.82734
3.48102
3.22049
3.01043
2.87957
3.11812
3.14615
3.01727
2.86484
3.2445
3.06625
3.2979
2.83058
3.09079
3.03828
3.1935
3.60628
3.04675
3.15188
3.34842
3.1368
2.98946
2.78369
2.64201
3.11254
3.07155
2.77137
3.19984
3.44516
3.18161
3.01864
3.0596
2.57123
3.01795
2.8817
2.99137
2.97954
3.12559
3.11768
2.76986
2.97219
3.42238
3.32328
2.81155
3.45516
2.90085
3.36577
2.74084
3.35115
2.89965
2.87601
3.12087
2.85288
3.3259
3.15915
2.81246
3.32711
3.14222
3.03013
2.8489
3.37353
3.02761
3.04395
3.41522
3.12491
3.75875
2.73117
2.75337
2.83356
3.07684
3.08181
3.71165
3.33073
3.32239
2.92523
3.1405
2.62715
2.69046
3.06444
3.11557
2.64161
2.98421
3.01882
2.70148
3.05501
2.76858
3.08602
2.90288
3.5984
2.99223
3.20162
3.08969
2.98498
3.06215
3.38299
3.3239
2.80298
3.17819
3.33001
3.29043
3.24284
2.76508
2.95324
3.47485
3.42352
2.82706
3.01233
3.09854
3.46844
3.06707
3.00508
2.7197
3.74068
3.16291
3.20983
3.31724
3.02345
2.87262
3.19182
3.24856
2.79159
3.62034
2.9282
2.9277
3.06215
3.255
3.09101
3.18198
3.37018
2.8242
3.15351
2.72918
3.33241
3.40648
3.06652
3.18709
2.9149
3.22958
3.21313
3.55845
3.2611
3.38338
3.18913
2.79335
2.75065
3.32996
3.03893
3.17566
2.82008
2.5346
3.17844
3.26249
2.83951
2.92836
3.12063
3.18915
2.94133
3.17967
3.44706
3.10379
2.33751
2.76051
3.08279
3.14398
3.14837
3.27972
3.54654
3.24782
3.12686
3.01366
3.0066
3.07103
3.27171
3.17251
3.36782
3.29386
2.86489
3.24673
3.10363
2.93319
3.64296
3.15144
3.67738
3.20041
2.95332
2.97528
3.0702
3.10883
3.04909
3.03437
3.08191
2.97902
3.26757
3.08846
3.51344
2.92669
3.02672
2.84544
3.05519
3.0071
3.34006
3.00163
2.88039
3.10953
2.96859
3.42843
2.42794
2.8346
3.50783
2.86343
3.13048
3.43277
2.7028
3.36512
2.78726
2.75438
2.80167
3.05879
2.96038
3.23899
3.33375
2.97132
3.35998
3.31768
2.98757
3.33116
3.0226
3.39266
2.67907
3.41346
2.83274
2.96566
3.24614
3.17467
3.20124
3.34346
3.23034
3.25098
2.85924
2.79328
3.60587
2.70903
2.91193
3.0188
3.27846
2.85648
2.89529
3.46214
3.01904
2.77717
3.06023
2.84833
2.85211
3.36359
2.80201
3.12491
3.26801
3.14204
3.2294
3.20758
2.84036
3.16361
2.96353
2.86617
3.10654
3.06409
3.09014
2.66199
2.93989
3.25029
2.57385
3.40203
3.12369
3.2222
3.25552
3.43807
3.00809
3.30568
2.98733
3.06599
3.23246
3.46573
3.36916
3.24749
3.12403
2.73254
2.94069
2.94393
3.33438
3.10927
2.84559
3.18079
3.0268
3.86803
2.95104
3.11353
3.21709
3.25704
3.21322
2.73074
3.26621
3.00494
3.21733
3.00199
3.22446
3.28544
3.07799
3.01224
3.11831
2.93381
2.94377
3.01724
3.23782
2.99779
3.02339
2.54084
3.62001
3.39719
2.95738
3.03998
3.46338
3.18148
3.12771
2.95533
2.78869
3.41698
3.21382
3.13474
3.2252
3.41692
2.83112
3.20769
2.74484
2.45864
2.82668
3.162
2.97662
2.85765
3.26194
3.02542
2.83467
3.40839
2.93213
2.97166
3.08847
3.13414
3.27356
2.54015
3.13696
3.09516
2.95184
2.9553
2.88468
2.84372
2.7262
3.18129
3.10995
3.56489
2.93896
3.32681
2.98639
2.78364
3.04107
3.23159
2.87868
3.26491
3.16262
3.3162
3.00358
3.21179
2.89954
2.60006
2.79569
3.51057
3.48791
3.56736
3.05848
2.75734
2.95257
2.8239
3.2577
3.23425
3.11488
3.35507
3.34171
3.11373
2.89522
2.73687
3.31891
2.82073
2.54536
3.1118
3.50831
3.0655
3.11029
2.84396
2.91449
3.00647
3.08594
2.77427
3.22715
3.05678
3.17469
3.20083
3.0006
2.90748
3.12028
3.05912
3.06805
3.18646
3.11734
3.06961
2.71959
2.97941
3.17719
3.24992
3.54548
3.32286
3.1008
2.97613
3.02743
2.77094
2.91717
2.72541
3.19809
3.05556
3.31409
2.93899
2.98552
3.13814
2.82915
3.34611
2.84559
3.42997
3.34026
3.42256
2.60419
3.3461
3.32709
3.17284
3.52807
2.74858
2.79449
2.77046
2.63793
2.98748
2.95281
3.32591
3.06457
3.39515
3.16762
2.50693
3.52719
3.34344
3.06672
3.32037
2.90666
2.68488
3.76453
3.07945
2.95625
3.55777
3.12367
2.72092
3.14517
2.97051
2.91923
3.29776
3.2083
3.1714
3.42836
2.56389
2.77881
3.02327
2.83799
3.32156
3.06541
2.97415
2.80878
2.86634
2.61794
3.09329
3.08619
2.92961
2.88161
3.35215
3.26336
2.99885
3.00313
3.07789
2.8043
3.38085
3.41846
3.24463
2.94239
3.33517
3.15238
3.20697
2.69975
3.0366
3.51554
3.38984
3.45633
2.83921
3.1316
2.88141
3.22081
2.90441
3.12559
3.47029
3.06434
3.0264
3.45805
3.07822
2.81245
3.00257
2.91342
2.79268
3.49653
3.35702
3.17422
3.42156
2.97804
3.25844
3.05679
2.96778
3.3664
3.09378
2.75292
3.22247
2.91758
2.9194
3.02033
3.49717
2.75071
3.23896
2.74174
3.3274
2.80612
3.33456
3.25374
3.5808
2.87512
2.94485
2.99555
3.31957
3.11931
2.90557
3.13091
3.20406
3.25551
3.32479
3.1074
3.24591
3.01121
3.25595
3.15506
3.50078
3.02994
3.36319
3.29079
3.44858
3.23841
2.97814
2.80003
3.19289
3.02193
3.06043
3.12331
2.70975
3.30627
3.25641
3.54046
3.55681
3.26402
3.32052
3.03541
3.06435
2.77302
2.99568
3.81823
3.34631
3.36256
2.78804
2.88871
3.43187
3.29412
3.02851
3.16293
2.77171
3.35507
3.12441
3.38392
2.8185
3.1202
2.91141
3.30318
3.49762
2.96793
3.01027
3.13085
2.72359
3.18234
2.80838
3.12155
2.70959
3.04195
3.31886
2.95011
2.98926
3.42348
3.36421
3.00188
2.88245
3.30289
3.12678
3.16424
2.70476
2.94122
3.38525
3.63321
3.33071
2.96277
2.75451
2.98504
3.05104
3.2528
2.87761
3.24538
2.91174
3.17162
2.99619
3.62328
3.2188
3.88789
3.12073
2.77201
3.10067
3.20911
3.10293
2.49013
2.7541
2.75568
3.30236
2.78485
2.65176
3.08566
3.04558
2.81087
2.86918
2.83546
3.21229
3.5682
3.25911
2.71292
3.20169
2.85003
3.48851
3.06931
3.36901
3.54829
3.11967
3.00838
3.26056
3.3783
3.28386
2.6993
2.92373
2.90578
3.32787
2.86079
2.72899
3.10497
3.09872
2.88865
2.94368
3.20858
2.4812
2.7273
2.81345
3.26113
2.95768
2.98989
2.96707
3.07441
3.11525
2.94288
3.13243
2.99333
3.18362
2.73771
2.48963
3.39825
2.9341
2.62798
3.03288
3.19662
3.42103
2.90337
2.86524
3.1344
2.91408
2.97608
2.83635
3.32373
3.10097
3.03405
3.36371
3.15091
3.22059
3.41076
3.35018
3.33652
3.26752
3.53278
3.18806
2.88276
3.32807
2.92801
3.36205
2.86845
3.12835
3.03134
3.04292
2.97585
3.18774
3.57165
2.76435
2.95429
3.39531
3.46986
3.06646
3.05655
2.91733
3.17968
2.8905
3.0434
3.17687
3.04098
3.34868
2.89968
3.31245
2.87279
3.06943
3.75549
3.28043
3.31843
3.01647
3.19393
3.14863
2.77735
3.21202
2.72682
3.11071
3.21237
2.7656
2.9753
3.33787
3.20415
2.85548
2.91735
3.61783
2.75621
2.74731
3.2772
3.01217
3.06807
3.49258
2.81323
3.21221
3.38518
3.23976
3.12383
3.05618
3.51142
3.22399
3.25894
2.68879
2.89602
2.93151
3.51009
2.45539
2.93582
2.68156
3.24458
3.06736
2.80284
3.30602
3.20354
2.87333
3.12688
2.87053
3.375
2.90623
3.22416
3.37983
3.21308
3.04718
2.92668
3.26027
3.01236
3.41871
2.92592
2.87136
3.1561
3.79707
2.87956
2.85201
3.06352
3.23649
3.15147
3.21812
3.17907
2.99087
2.89055
3.54469
3.04184
3.08415
3.45308
3.15471
3.22994
3.48556
2.78081
2.94235
2.94722
3.68868
2.8882
2.82234
3.61394
3.01014
2.77565
3.17845
2.94514
2.70271
3.0605
3.26897
3.20051
3.49842
3.19581
3.12162
3.26477
3.07693
3.25812
3.38591
2.89145
2.94583
2.93868
2.73971
3.2724
2.70619
2.99064
3.40816
3.22071
3.52362
3.47209
3.41422
2.89413
3.37821
2.97214
3.04196
2.57993
2.98588
3.18721
2.80451
2.96977
3.13475
3.28215
2.91152
2.97313
2.75927
3.03673
2.95502
2.86312
2.96076
3.32097
3.78306
3.18791
3.18919
3.08767
3.49048
3.0759
3.26397
3.028
3.13432
2.85818
3.22079
3.18096
3.28432
3.54082
3.14833
3.03185
2.93364
3.12257
3.04822
2.99192
3.11358
2.82321
2.83276
3.19953
3.05737
2.94889
3.21845
3.07784
3.07813
2.88625
3.01558
2.89018
2.9134
3.57595
2.82063
3.01562
3.42866
3.21399
3.52902
2.9126
3.3953
3.25001
2.87382
2.98035
2.7791
3.34933
3.03497
3.29476
3.4523
2.93715
3.24506
2.6766
3.31934
3.03556
3.24337
3.06693
3.49528
3.16971
3.12523
3.33253
3.01589
3.00022
2.74888
3.26464
3.2137
2.88656
2.79545
3.41064
2.66671
3.1602
3.35007
2.8609
2.9945
3.32032
3.28556
2.92138
3.22075
3.32298
2.67881
3.16598
2.91861
3.38468
2.98646
3.08826
2.54806
3.36535
3.13005
3.52378
3.53884
3.09523
3.15469
2.85473
2.56264
2.76788
3.3177
3.17228
3.09772
3.21473
3.04839
3.48113
2.69108
3.14323
3.13249
2.45534
3.24782
2.57198
2.64611
3.159
3.28927
3.08046
2.5953
2.79644
3.43572
3.14544
3.36371
3.01105
3.06354
2.92303
2.77867
3.30588
2.98239
3.03297
3.11846
2.7635
3.12989
2.60949
3.18222
2.65845
2.97203
3.41606
2.93888
3.43378
2.85884
2.82097
2.55036
2.90097
2.90492
3.16115
3.16618
3.54764
2.80383
3.27795
3.20255
2.90828
3.12952
3.20636
3.59099
2.98297
3.32655
3.14579
3.50076
3.15691
2.85489
3.70323
2.79615
2.74133
3.51216
2.90604
3.10567
3.33563
3.25517
2.73844
2.75075
3.02254
3.11662
3.05644
2.86853
3.23213
3.19087
2.95047
3.03738
2.92642
3.23285
2.99152
2.99821
3.46745
2.98764
2.84695
2.76021
3.40152
2.9912
2.90934
2.79844
3.39094
3.10099
3.0129
2.95389
2.82533
2.79858
2.91124
3.33259
2.8854
3.02808
2.77974
2.97446
3.30274
3.43637
3.46896
3.3961
2.93788
3.18428
3.40235
3.18308
3.28701
3.2157
3.06351
3.07199
2.88305
3.24368
3.19777
2.77509
3.37041
3.37739
3.14024
3.17771
2.97543
3.22789
2.82923
3.07232
2.75092
2.99302
3.2174
3.25519
3.36019
2.95063
3.03031
2.86595
3.04391
2.80936
2.87806
3.17201
3.33457
3.14905
3.31163
2.845
3.06832
2.9785
3.02835
2.75198
3.27834
3.62734
2.92854
3.29037
2.80061
2.84644
3.40296
3.0498
3.24427
3.15768
2.79558
3.14579
3.01467
2.99625
3.40578
3.12115
3.12599
3.16499
3.33792
3.06576
2.70499
2.8792
3.27059
3.05849
2.9389
3.05114
3.31629
3.30958
3.35422
2.8405
2.95621
3.14634
2.89131
3.13368
3.07851
3.34149
3.74156
3.06976
2.75908
3.45377
2.85066
2.9077
2.98273
3.21411
2.67935
2.76204
2.614
3.17422
3.14107
2.90881
3.24842
3.23414
2.86424
2.78957
2.83474
3.35704
2.9121
3.24881
3.08112
3.3875
3.20251
2.93948
3.13785
3.03278
3.10718
3.16329
3.28597
3.10058
3.01098
3.09027
3.05681
3.318
2.76581
2.73787
3.13648
3.27482
2.77797
2.92388
2.877
3.01041
3.52112
3.61621
3.18874
3.1727
3.25107
3.45632
2.87998
2.81009
2.7922
3.55262
3.01023
2.94833
3.01476
2.85077
2.96764
2.83049
3.00473
3.30177
2.9722
3.48031
2.93505
3.4287
3.40726
3.10496
3.06712
2.93987
2.86833
3.29045
2.74649
3.05495
2.92335
3.12536
3.1469
3.51161
3.42726
2.87786
2.89902
2.86506
2.95608
2.9525
3.03024
3.06817
3.53831
2.9319
3.50855
3.32977
2.98719
2.95217
2.75957
3.29203
3.25915
2.6821
2.89426
3.16656
2.65048
2.53146
3.23741
3.29174
2.97867
3.23559
3.1881
2.99622
3.48357
2.91609
3.13602
2.63823
2.98361
2.96217
3.13933
3.0693
3.48709
2.89671
3.41405
3.10204
3.00515
3.5501
2.83579
2.95069
2.86985
3.25427
3.36661
3.60728
2.81659
2.93712
2.95985
2.91362
3.10513
3.1158
2.67136
2.97839
3.03012
3.1658
3.07735
2.96403
3.40483
2.8322
2.96573
2.88521
3.54153
3.30014
3.03555
3.13722
3.06638
3.17352
3.20463
2.76991
3.11449
2.85982
3.42863
2.92057
3.05384
3.18808
3.50421
2.75832
3.41597
2.84446
3.04477
3.34266
2.93863
2.80156
3.22108
3.22619
3.0511
2.9467
2.88814
3.27991
2.98799
2.61361
3.3505
3.06108
2.82226
2.88945
3.03831
2.91905
3.33348
2.90131
3.2884
3.17937
3.2623
3.08874
2.6255
3.67183
3.20862
2.81363
3.53517
2.92607
2.86374
2.85382
2.70934
2.95572
2.822
2.63227
3.35327
3.06044
3.08836
3.08301
2.97799
3.1661
2.72352
3.33368
3.08621
3.44191
2.95602
2.94176
2.84541
3.41063
3.07561
3.09854
2.84484
3.24326
2.9566
3.07712
3.10964
2.86154
3.05537
2.97363
3.50041
2.93802
3.31719
3.15502
2.88809
2.74275
3.33642
3.33612
2.86936
2.96133
2.84796
3.08578
2.93277
3.18192
3.22312
2.92822
2.60591
3.56169
2.55906
3.49169
3.07655
3.56697
3.05794
3.12209
3.06343
2.837
2.89492
3.33353
2.90843
3.17606
2.86766
3.3091
3.02551
2.85599
3.11601
2.88911
2.87929
3.33117
3.23039
3.23747
2.90983
3.39744
3.28372
3.09378
3.33709
2.92051
3.01805
3.00114
2.7922
3.18084
3.35338
3.10174
3.51015
2.98393
3.16124
3.14871
3.00078
2.91758
2.85043
3.11903
3.05677
3.26816
2.95825
3.00837
3.26035
2.56845
2.90309
3.4948
3.14476
3.18882
2.97886
2.7283
2.98954
3.31748
2.70326
3.14583
3.34653
3.27707
3.33912
2.99271
2.5474
3.03754
3.0149
3.03346
3.04656
2.51235
2.65321
3.49953
2.92463
2.88752
3.13633
3.03649
2.9405
3.07918
3.24535
2.98555
2.95958
3.17755
3.19868
3.27579
3.2137
2.90233
3.44288
2.59878
3.26509
2.79795
3.32912
3.17634
3.08632
2.78263
3.16459
3.10853
2.82895
2.76954
2.87711
3.01113
2.9499
2.80674
3.76667
3.16348
2.86294
3.03144
3.51548
3.33255
2.65689
2.86941
3.15471
3.00939
3.02113
2.82169
3.0212
3.29594
3.11353
2.9703
3.15036
3.02735
3.24809
3.11802
2.81115
3.04729
3.00879
2.72213
3.30531
3.13141
3.70831
3.15167
3.24382
3.18866
3.03419
2.97196
3.19056
2.55269
3.2596
2.74301
2.88907
2.85827
3.22252
2.62344
3.01428
2.99921
3.48139
3.34133
3.60107
2.75178
2.87434
2.79124
3.06297
3.00973
3.01513
3.52079
3.14372
3.10316
2.70131
2.97878
2.88097
3.31106
2.97845
3.12042
3.13021
2.55055
3.01789
2.75393
3.29831
3.46791
2.74715
2.87959
2.73273
3.02349
3.37274
3.22341
3.30067
3.02492
3.34398
3.09896
3.22508
3.23765
3.47444
3.04145
2.97582
2.93171
3.36888
3.02986
3.68007
2.93443
3.43328
2.81022
3.05498
3.2642
3.23475
2.75353
3.01968
3.10796
2.77654
2.92113
2.95254
3.14635
2.94097
3.08161
3.03238
3.26423
3.23252
3.20326
2.9382
2.95023
2.86919
2.7769
2.77164
3.40581
2.94085
3.38702
3.24645
2.90627
3.38518
2.89312
3.09041
3.09298
3.32973
2.87988
3.19068
2.79506
3.42912
2.90269
2.75837
2.92042
3.08021
3.24359
3.60176
3.32089
3.1031
3.27438
3.43615
2.63932
3.67214
3.13351
3.21925
2.92873
2.92146
2.99216
3.15083
2.88946
3.30484
2.96069
2.83083
2.78126
3.13465
3.45975
3.1338
3.11853
3.14207
2.56277
3.09508
3.13781
3.28539
3.09606
3.17744
3.00647
2.91951
3.11032
2.54438
3.06351
3.19001
3.07603
3.56456
2.89465
3.06705
3.35616
2.96985
2.94372
3.03869
3.21929
2.99434
3.40714
2.77139
3.31037
3.1058
2.59324
3.13442
2.90771
3.05077
2.94395
2.97748
3.07583
3.24712
3.01414
3.20577
3.16908
3.42681
3.0646
2.81548
3.07646
2.96629
2.94695
2.98224
3.59898
3.71558
3.15984
3.05103
3.30696
2.43346
3.40734
3.05272
3.91957
3.52216
3.24729
3.05547
3.5769
3.10633
3.41485
2.88086
3.11145
2.85817
3.14455
3.32269
3.06059
2.9169
2.4822
2.95001
3.08616
3.22895
3.13685
2.81207
3.17643
3.16414
3.30579
2.78804
2.77099
2.95859
2.86671
3.27887
3.11922
2.95379
2.84475
2.8373
2.66147
3.41846
2.90797
2.70542
3.13824
2.98629
2.91909
2.96545
3.1548
3.31359
3.22555
2.47182
3.04385
3.2416
3.12991
3.21245
3.23082
2.99037
3.08966
2.84873
3.35036
3.26158
2.60913
3.14416
3.52009
3.39271
2.98616
2.9364
3.22167
3.16156
3.24054
3.08545
3.13151
3.09442
3.18605
2.97222
3.24911
3.18
3.15012
3.20392
3.07296
3.08004
2.91769
2.94689
2.95881
2.86781
2.85466
3.36864
2.90417
3.18285
3.03747
2.86494
3.31974
2.85901
3.17017
2.6559
3.34235
3.08081
3.13519
3.20291
3.6352
2.89453
3.37738
3.06182
3.50319
2.91969
3.21906
2.94455
3.37173
3.30387
3.34466
2.99662
2.38386
3.07465
3.15278
3.32068
2.99463
2.79138
3.13609
3.15173
3.40279
3.06659
3.45047
3.43167
3.09693
3.15233
3.01996
3.07255
2.56735
2.93519
3.31334
3.11879
3.03768
3.01611
2.77086
2.80203
3.26876
2.9576
2.74687
3.1296
3.67252
2.8559
3.26099
2.86412
2.70212
3.10878
2.85156
2.98125
2.7355
3.09013
2.83164
3.10599
3.16965
3.05071
2.68651
3.34569
3.60256
3.00889
3.10576
3.46485
3.28857
3.26652
3.17974
3.18902
3.08382
3.55471
2.9358
2.95802
2.93315
3.16507
2.86174
3.03362
3.06596
3.40358
2.81545
3.47043
3.01091
2.96769
2.70958
3.13845
3.17937
3.1709
3.37659
3.58454
3.41679
2.68175
3.1444
3.31215
3.41695
3.26993
3.06938
3.31836
2.91549
3.00994
3.59599
3.30517
3.39064
3.32836
3.66718
2.97347
2.60344
3.20729
3.19551
2.67694
2.65487
2.97018
2.83331
3.39229
3.31042
3.24912
2.74235
2.91994
3.35313
3.21514
3.34398
3.70192
3.49511
3.119
3.01917
3.31488
3.13836
3.50958
3.21521
2.95615
3.04285
2.97422
3.09176
3.04216
2.91139
3.18887
3.35924
2.98954
3.0647
3.10444
3.02768
2.91048
3.16838
3.3549
3.22343
3.15466
3.05812
3.09598
3.09974
2.89962
2.73356
3.46231
2.98753
3.24102
3.04466
2.94899
2.75603
2.82131
3.35744
2.94953
2.95738
3.4657
2.91074
2.98858
2.85909
3.37011
3.14293
3.64369
3.19324
3.27901
3.1923
3.07103
3.3048
3.14074
2.88994
3.13406
3.14785
2.74563
2.91087
2.98928
3.08375
3.02064
2.88278
2.73063
3.21269
3.30431
3.17683
2.78423
2.98787
3.03317
3.28002
3.04419
3.06029
2.9597
3.34457
2.92104
3.58788
2.8549
3.18392
3.33695
3.04837
3.0297
3.00193
3.43373
3.00585
2.84283
2.68483
2.79422
3.01819
3.03389
2.84892
2.60361
2.91949
3.16156
3.20177
3.40293
2.93344
3.09787
3.08212
3.48208
2.861
3.51181
2.9682
2.75057
2.89968
3.35609
2.79518
2.62029
3.18877
3.10585
3.11656
3.07043
2.42184
2.95829
3.09955
3.21489
3.40792
3.48677
3.25861
3.01701
2.98269
3.13114
2.8675
3.24159
3.1219
3.36873
3.16702
3.15801
3.30281
3.30863
3.10227
3.43175
3.13465
3.65987
3.09765
3.2602
3.1923
2.67584
3.13372
3.19291
3.0472
3.09322
2.43271
2.85541
2.49359
2.71254
3.02231
3.08842
2.65956
2.85467
3.16476
3.32422
2.80392
3.16559
3.0429
3.17131
3.0304
3.00046
3.44148
3.32055
3.02471
3.49365
3.1346
2.59935
2.90069
2.85554
3.23433
3.11933
3.12897
2.81804
3.06709
2.82361
2.99742
2.96647
3.17962
2.7422
3.157
2.91263
2.5079
2.97086
3.16908
3.05105
2.84817
3.18543
3.30948
2.95619
2.61905
3.26705
2.99303
2.90314
3.09209
3.29445
2.94319
2.71138
2.99971
2.97968
3.25576
3.24895
2.78377
3.12435
3.37012
3.70591
2.80818
3.24432
3.68107
3.06721
2.76855
3.31718
3.00775
3.07736
2.91316
3.24787
3.19391
3.25807
3.34552
2.81554
2.88269
2.98759
3.06721
3.50352
2.98558
2.90595
2.99058
3.10455
2.98338
3.05474
3.13514
2.45407
2.98476
3.04457
3.19376
3.20471
3.04298
2.98356
3.01952
3.1852
3.06825
3.34086
2.66191
3.09212
3.18817
3.31515
2.69819
2.89244
2.95642
3.25787
3.02973
2.88256
3.04582
3.02764
2.77123
3.23708
3.00826
3.20636
2.98638
3.48269
3.33881
3.2816
2.93778
3.50793
3.03088
2.66737
3.40369
2.93293
3.15107
2.68621
3.29903
3.05938
2.97959
2.88133
3.12226
2.84985
3.23736
3.16473
3.06371
3.17311
3.02361
3.16451
3.24703
3.00681
3.02286
3.48457
2.92627
3.35818
3.13036
2.68372
3.23549
2.76483
3.13166
3.3504
3.02757
3.15507
3.19117
3.23427
3.13234
3.43866
3.31729
3.06126
2.82871
3.33272
3.30532
3.22228
2.85951
3.57418
2.93385
3.28063
2.86303
3.03564
3.09026
2.92499
2.80801
3.26965
3.00115
2.7343
2.79849
3.20539
2.89338
3.39236
3.14196
3.3183
3.39836
3.26285
2.9766
2.83184
3.03697
3.77585
2.752
3.56229
2.79736
2.80708
3.79941
3.41123
3.37824
3.28788
3.06288
3.25056
2.84368
3.26943
3.14907
3.48426
2.94205
3.0738
2.71545
3.04614
3.15804
3.16942
3.20783
2.90296
2.80337
3.11427
3.19514
3.23396
3.05631
3.13828
3.04796
2.93236
2.92787
3.41708
3.16863
2.94329
3.61749
3.18186
3.5177
3.14334
3.35402
3.40874
3.08452
2.87175
3.21763
3.37875
3.75507
2.85079
3.15169
2.925
3.60857
2.67324
3.0153
3.32578
2.80576
2.91773
3.28216
3.1317
2.77102
3.15863
3.02052
3.53486
2.97952
3.28565
2.79281
3.41745
3.00951
3.4741
3.0992
3.04425
3.32045
2.9772
3.46795
3.10626
2.94906
3.08538
2.79803
3.07663
3.15125
3.00418
3.20923
2.73915
2.80701
3.5178
3.29168
2.8194
3.15688
3.67656
3.18431
2.99881
3.10727
2.85039
3.10395
3.00889
3.49733
3.38555
3.51132
3.43514
3.21242
3.66819
3.29029
2.79742
2.94447
3.57043
3.19316
3.23283
3.48728
2.94425
3.02433
3.03927
3.21428
2.77324
2.98251
3.31276
2.67378
2.94852
2.81038
2.93673
3.03663
3.18595
3.31649
2.61703
2.89409
2.72518
2.58562
3.41866
3.24822
3.18456
2.85073
3.44264
3.02008
2.82119
3.72058
2.92697
3.17209
3.44027
2.86797
2.63112
3.32208
2.85399
3.09415
3.46795
3.09514
3.03128
3.22412
3.16358
2.57891
3.33271
2.8857
3.02188
3.56923
3.04586
2.8399
2.98718
3.04077
2.92368
2.80782
3.31005
3.11548
3.20311
2.84006
2.93151
3.27544
3.29195
3.21107
3.11057
2.97079
2.3952
3.06667
2.8114
3.23642
3.00037
3.04066
2.83882
3.18826
3.30411
3.29788
3.64339
3.14227
2.65884
3.11401
3.23524
2.95796
3.24806
3.59124
2.89201
3.17479
3.32472
3.16118
2.74269
2.87187
2.98084
2.82468
3.30035
3.16083
3.15067
3.27652
3.32429
3.10684
2.88483
2.87841
2.61465
3.02935
2.80232
3.07505
3.55166
2.97111
3.43122
2.67728
3.25775
2.95565
2.50875
3.36819
2.71753
3.36987
2.61741
2.79091
3.69925
3.40742
3.06774
2.92075
2.74122
3.07913
2.90933
2.8531
3.33646
3.06035
3.07976
2.76328
2.87096
3.29814
3.14793
3.21786
2.94029
3.0253
2.95678
3.04432
2.96399
3.19331
2.91217
3.39786
3.11697
2.90993
3.22762
3.50468
2.71233
3.45572
2.89211
3.14383
2.97978
3.06169
2.80546
3.17471
3.16253
3.25484
3.1232
2.70081
3.34975
3.45832
3.05281
3.35854
3.06711
3.19039
3.17957
3.06956
3.40997
3.17008
3.09881
3.11809
2.76398
3.22328
3.38936
3.1917
3.16964
3.07131
2.96226
2.96248
2.89786
2.94605
3.10056
2.90397
2.81283
3.37746
3.25219
2.89954
3.07388
2.88031
3.32956
3.52162
3.26606
2.89016
3.00303
3.33324
2.97584
3.49789
2.70706
2.97473
2.8123
3.0156
3.19911
3.07029
3.49216
3.1406
3.47892
3.06007
3.26934
3.31241
3.38741
3.0136
3.36446
3.71354
2.77204
3.2394
2.79561
3.38292
3.14043
3.3955
2.98048
2.98263
2.91141
3.10108
2.58432
3.29998
2.87521
3.16008
2.74306
3.3438
2.98981
2.56938
3.02348
3.15768
2.77775
3.14895
3.02406
3.18249
2.87026
2.99682
3.32753
2.83233
3.03755
3.2965
3.07503
3.06995
2.64368
3.54768
3.05041
3.11233
3.39861
3.02663
3.10257
3.47733
3.59874
3.09336
3.16842
2.99826
2.98255
3.40602
3.23181
3.24176
3.36455
3.22833
3.03797
2.67447
3.23194
2.96021
3.15939
3.04561
3.33852
3.1122
3.06182
2.6852
2.85694
3.25869
2.7271
3.02296
3.07589
3.23618
3.00153
3.25307
3.13837
2.83925
3.09072
3.3564
2.93845
2.84648
3.29821
2.92764
3.01194
2.9615
3.01838
2.6993
3.29315
3.31334
3.10798
2.99742
2.8176
3.60814
3.35257
2.551
2.68122
3.3248
2.97264
2.88317
3.46477
3.11804
2.91571
2.98739
3.29078
3.17057
3.44873
3.4916
3.19976
3.04571
3.10993
3.01826
3.32305
3.27551
2.84296
2.69591
2.50053
3.33896
2.81509
3.39101
3.51132
3.09229
3.09077
2.75479
3.36877
3.39182
2.94775
2.92046
2.8076
2.63187
2.76096
3.03382
3.6089
3.26582
3.07629
3.1751
2.98528
3.23929
3.07393
3.32365
3.07839
2.95222
2.97961
3.36157
2.8301
3.55537
3.38959
2.99048
3.4588
3.44787
3.08611
3.40709
3.76676
3.14218
2.97989
2.86268
3.03005
2.91529
2.88889
3.00393
3.0956
3.02323
3.20091
2.86791
2.82202
3.0797
2.7685
2.80828
3.57519
3.43475
3.40367
3.08837
3.33915
3.11921
3.8783
3.16938
3.32187
3.45243
2.88926
3.03776
2.92334
2.94231
2.95521
3.57924
2.72734
2.97182
2.80929
2.87312
2.66781
2.88527
3.33731
3.30898
3.47651
3.16786
3.34145
3.00742
2.92796
3.3011
3.17229
2.74367
3.17536
2.99479
2.96842
3.22276
2.85433
2.904
2.8401
2.94789
3.5189
2.72318
3.20145
3.45453
3.45847
3.2352
3.15426
3.03382
2.96124
3.30613
3.06964
3.76221
3.25503
3.07818
2.71718
2.88247
3.21049
2.53392
3.08139
2.93886
2.86984
3.05175
3.12061
3.26414
3.02803
3.09211
3.51829
3.43801
3.27458
2.92562
3.10328
3.39645
3.49358
3.20691
2.62023
2.65819
2.6392
3.03481
3.31207
3.03981
2.81383
3.1973
3.48
2.74207
3.15267
2.45875
2.67841
3.35388
2.97742
2.63414
2.92603
2.80973
3.47832
2.81857
3.05541
3.13884
2.52854
2.76948
3.21003
2.9476
2.74271
2.75052
3.22617
3.17213
3.07322
3.24679
3.42114
2.69215
3.04875
2.67379
2.84023
2.9365
3.01488
2.7069
2.61308
2.84471
2.83095
3.298
2.68427
2.96001
2.87744
2.63782
2.848
2.89266
2.80799
3.27628
3.38749
3.35342
2.84977
3.3491
3.31867
3.50607
3.05995
2.91714
2.88659
2.84014
3.43798
3.03892
2.64763
3.37671
2.77481
3.10872
3.42487
3.11569
3.17169
2.69934
3.17144
2.82181
3.3769
3.14322
3.18269
3.28526
2.75623
2.99902
3.0372
3.29176
2.8628
3.04686
3.1527
3.35268
3.01775
3.1956
2.97603
2.78919
2.71521
3.33146
3.01384
3.09457
3.49269
2.75131
2.70352
3.00859
3.1529
3.17163
3.19155
3.00413
2.66338
3.33835
2.99302
3.06622
3.30124
3.10994
3.21129
3.21023
3.07942
3.05682
3.27865
3.29266
3.09305
2.98641
2.9817
2.87003
2.89089
3.06629
3.08819
2.87855
2.98543
3.00177
3.17543
2.90584
3.56822
2.78192
2.88852
3.12583
3.19952
2.97152
2.9527
3.17796
2.90469
3.30947
2.64157
3.24661
2.84014
3.3154
3.19039
3.11516
3.18437
3.3842
3.11639
2.68009
3.43031
3.35174
3.33675
3.1958
2.47993
3.02649
3.39177
3.05033
2.9601
2.92596
2.91552
2.87368
2.9689
2.97235
2.86527
3.20968
3.00049
3.15885
2.58783
3.28728
2.68986
3.31885
3.80973
3.31325
3.04741
3.10916
3.14271
3.13671
2.80381
3.18564
3.27985
3.06135
3.3313
3.03713
3.38008
3.28123
2.82204
3.2919
2.77923
3.61098
2.74284
2.96234
2.67291
2.67198
3.23848
3.02388
3.49459
2.92654
2.73912
3.12246
3.08546
3.06066
2.92691
2.89475
3.36387
3.3461
3.24234
2.68377
3.24658
3.23427
3.03465
2.94747
3.33826
3.29824
2.9646
3.50593
3.13894
3.27433
3.48095
3.02385
2.84906
2.83603
3.03871
2.95719
3.29315
2.99549
3.35754
3.14705
3.11094
3.20208
3.07028
3.25482
3.19087
3.08322
2.70917
2.83688
3.03634
3.05207
2.83731
3.05042
2.91933
2.44118
3.66927
3.51452
3.10801
3.27045
3.20799
3.09532
2.80767
3.08105
2.99066
3.50058
2.90297
3.34244
3.22149
3.04457
3.19516
3.06304
3.0614
3.27923
2.84692
3.40637
2.90455
3.30842
3.06246
2.78504
3.05655
3.13816
3.22016
2.92817
2.78331
3.0235
2.95547
2.72325
3.04232
3.04735
3.0822
3.0913
2.8308
2.88739
2.88652
3.02574
3.11328
2.59378
2.7024
3.0035
3.04107
3.07957
3.36899
3.41559
2.97576
2.9085
3.01548
3.04184
3.08819
3.27124
3.03465
2.8751
3.10402
3.08949
3.22572
3.0022
2.83411
3.04615
3.27692
2.67501
3.66421
3.21275
3.31493
2.66916
3.17001
3.34207
2.96858
3.06143
3.08933
3.11754
3.01832
2.60967
2.84263
3.25509
3.31586
3.2866
3.37299
2.74519
3.10809
3.09039
3.14367
2.978
3.18557
2.86543
3.04939
3.06669
3.05912
2.88191
2.887
2.95646
2.89386
2.89034
3.13227
3.17639
2.93692
3.1327
2.90838
3.11406
3.19309
2.96458
3.00929
2.79078
3.21203
3.25328
3.23501
2.68369
3.13671
3.4912
3.67806
3.11287
2.95986
3.0124
3.24814
2.76938
3.45931
3.29068
3.09505
3.21968
3.29235
3.40402
3.47759
2.80114
3.47343
2.69363
3.05275
3.19034
2.97269
3.18161
3.08277
2.99912
2.93891
3.41706
3.36212
3.41652
2.7777
2.86879
3.27275
3.15078
3.04368
3.15165
3.03875
2.7709
2.89226
2.81737
3.41698
3.18147
3.50306
3.23965
3.13698
2.95833
3.35761
3.04931
2.82231
2.94905
2.9406
2.75899
3.40521
2.72719
3.48775
2.95565
3.39977
3.02789
3.05995
2.90942
2.97448
3.01642
3.22147
3.0312
2.86151
3.80254
3.21298
3.14604
3.0942
3.38528
3.59843
3.1172
3.29993
3.31874
2.90421
3.09373
2.99849
3.23693
3.34256
3.05846
2.92595
2.94742
3.13037
2.96372
3.55201
3.09075
3.01737
2.78198
3.39272
3.55027
3.31349
2.99417
3.01679
3.76701
3.16034
2.98912
3.15201
2.97532
3.04406
2.75694
3.46506
3.35952
3.18989
2.96657
3.1131
3.17917
3.38041
3.26156
2.88532
2.97477
3.14273
2.86151
2.65053
2.9993
3.01282
3.15562
2.99709
3.69057
3.28986
3.28805
3.31531
3.16064
3.36545
2.84883
2.96338
3.10671
2.82211
2.74819
3.2163
3.10975
3.65719
3.08917
3.03156
2.68126
3.14913
2.6841
2.91895
3.25832
3.30753
3.02701
2.79017
3.08014
3.20913
3.15681
3.07901
2.89837
3.3304
3.56864
3.19834
2.68723
3.30238
2.9259
2.87632
2.48034
2.72812
3.50598
3.09476
2.97029
3.34355
2.94599
2.88528
3.15606
3.33146
3.36811
3.20709
2.79437
3.40885
2.93851
3.01443
3.0848
3.19295
2.81473
3.18761
3.65692
2.82167
3.57005
3.3107
2.62313
2.73719
3.13721
3.13503
3.46453
3.11367
2.97601
3.29463
2.99723
3.57986
2.71158
2.9662
2.67011
2.74933
3.41604
2.98153
2.88012
3.06505
3.16395
3.74019
2.8309
2.58267
2.84434
2.9734
3.2098
2.52821
3.29754
3.18389
2.58051
3.27213
2.81184
2.81432
2.83255
2.67471
2.48646
2.92977
3.04814
3.01505
3.09835
3.13253
3.24022
3.31717
3.51748
3.01929
3.18677
2.87533
2.99957
2.97204
3.01156
3.17644
2.73681
3.20715
2.95292
2.70164
3.16091
2.81687
3.26755
2.68948
2.80422
3.14915
3.40342
2.90666
3.15217
3.63204
2.64327
3.40319
2.79055
3.47814
2.5116
2.74307
2.8836
2.72509
3.12579
3.07539
2.66578
2.72635
3.07141
3.78474
3.11801
3.14064
3.23244
2.90108
2.9142
2.84631
2.95088
2.66665
2.77813
2.85387
2.93151
3.04219
2.73196
3.21706
3.0362
3.07545
3.36917
3.14618
3.16069
3.26063
2.88626
3.04307
3.21458
3.03071
3.15089
3.12394
3.06765
3.12674
3.35984
3.51662
3.18714
3.03791
3.28437
2.98718
3.48138
3.11962
3.26314
3.35755
3.46054
3.05691
3.1598
2.88527
2.99446
3.15139
2.86908
3.26065
2.59641
2.97774
2.86687
2.72223
3.02439
2.71057
3.38424
3.62168
2.80215
3.16264
3.19043
3.28313
2.97791
2.85972
2.93777
2.79978
2.98688
2.91089
2.76085
3.05646
3.5305
2.94132
2.60011
3.22452
2.86278
3.45414
3.07606
3.36989
2.973
3.30253
3.02302
3.13817
3.41498
3.24667
3.41943
3.30444
3.11212
3.36668
2.78908
3.0396
3.25592
3.28609
3.50135
3.07132
2.93498
2.77887
3.13333
3.24315
2.87155
3.35114
3.21611
3.2999
3.07661
2.68287
2.39314
2.78299
3.01409
2.80388
2.92705
3.18397
3.13169
2.86836
2.52233
3.10183
3.29742
3.23925
2.73395
2.9661
3.18414
3.03984
3.60195
2.87632
2.72284
2.99609
3.12283
3.01655
2.85573
2.99418
3.11804
2.77805
2.61229
3.10591
3.34805
2.94872
2.94579
3.19971
2.7532
3.14159
3.39848
3.13798
3.02357
2.57237
3.17785
2.99553
2.71323
2.94891
3.11883
3.25758
3.40669
2.7107
3.04877
3.31483
2.60494
3.07768
3.49638
2.88989
3.00706
2.80858
2.85002
3.09083
3.26174
2.90619
3.84204
3.58551
3.3205
3.19843
2.60653
2.87291
3.49912
3.15965
2.94306
3.29586
2.94581
2.94739
3.5744
2.98642
3.20334
2.85563
2.67211
3.2528
3.32725
3.48228
3.08881
2.88486
2.72711
3.35266
2.74931
3.25193
3.03306
2.60388
2.5695
3.12224
3.30846
3.03008
3.08095
3.27055
3.07613
3.06094
3.16458
2.81103
3.2317
3.62475
2.74844
3.26014
3.27644
3.49349
3.07135
3.15496
2.96493
3.28988
3.01441
3.10522
3.14405
2.73642
2.96147
2.86187
2.87377
3.10647
2.74433
2.88849
3.05452
3.03263
3.1902
3.0882
3.39779
3.11279
3.17631
2.69924
3.11533
2.89607
2.89453
3.05591
3.38225
2.90558
3.07386
3.31781
3.2488
3.0112
3.32915
3.53639
3.43649
3.43789
2.93534
2.94836
3.12076
3.1529
3.19683
3.00499
2.83033
3.15413
3.40987
3.27462
2.78106
2.755
2.74662
3.33249
2.70876
3.25718
2.94713
2.9672
3.12791
3.23055
3.17691
3.019
3.32208
3.0363
3.2754
3.30139
3.19702
2.66426
2.94183
3.12607
3.42464
2.58879
2.98476
3.06123
2.92812
3.10633
2.85504
3.16508
3.19917
2.93912
3.39357
3.11119
2.61443
3.07933
3.77436
2.92171
3.12857
2.97854
3.23951
3.12746
3.5402
2.8131
3.35731
2.7074
2.63756
3.2364
3.17315
3.19948
3.0882
3.18566
3.01067
3.39613
3.31983
3.17068
3.21527
3.07913
3.01022
3.00623
3.35727
2.92108
3.21081
3.41464
2.96012
3.24924
3.06429
2.99512
2.94161
3.35221
2.94153
3.21017
3.05612
3.18425
2.96389
3.11265
3.16237
3.42539
2.77803
2.87214
3.60813
2.68537
3.24303
3.51791
2.75316
3.32839
3.0228
3.20679
2.95325
3.13126
2.85566
3.18552
3.17561
3.2441
3.53079
2.84328
3.45679
3.08969
2.75606
3.12623
3.04582
3.18071
3.26983
3.03306
2.98704
2.78518
3.37798
2.91609
3.3146
2.52637
3.30317
3.20558
2.67661
3.41387
3.06148
3.40524
2.75865
3.21315
2.80168
3.09968
3.20863
3.11246
2.87582
3.07361
3.33665
3.37937
2.91618
2.79487
3.0041
3.25681
3.50637
3.18346
3.2855
3.27604
3.1758
3.26772
2.58503
3.17953
3.21017
3.25904
2.5837
3.04977
3.48143
3.16818
3.31545
2.68976
2.66761
2.91978
3.16169
3.03279
3.08043
3.21951
3.44215
3.05431
3.35452
3.36936
3.04051
3.03993
3.06904
3.10539
3.53589
3.28484
2.63793
3.01341
3.04044
2.72209
3.06742
3.21416
3.21739
2.70778
3.69964
3.42343
3.22492
3.41607
3.03838
3.44076
3.54852
2.71582
3.07376
3.23887
3.44442
3.38868
3.29918
2.42902
3.12617
3.03119
2.893
3.02734
2.69729
2.88147
3.06448
3.61666
3.03941
3.44732
3.10286
3.24165
2.93603
3.12409
2.88743
3.07314
3.23261
3.25418
2.8738
3.26165
2.95029
3.49239
2.99431
3.68227
2.95144
3.22086
3.21007
3.32239
3.31989
3.3015
3.10135
3.13994
3.26726
2.9389
3.23661
2.73618
3.50326
3.49193
3.11794
2.76666
2.86189
2.61066
3.30898
3.09048
3.04597
2.87056
3.37131
2.59773
3.04965
3.16354
3.24481
3.18605
3.28776
3.11661
3.11836
2.82512
2.43004
2.86047
2.99601
3.26845
3.54425
3.17427
2.89644
2.99954
2.82353
3.19974
3.1229
2.98947
2.96154
3.47853
2.93096
3.13854
3.29706
2.99672
3.42622
3.57181
2.68889
3.27006
3.20166
3.29903
2.95529
2.93067
3.2786
3.05537
2.7064
3.18196
3.28043
2.44282
3.14969
3.10456
2.95994
3.13875
3.00389
3.10873
3.38556
3.4232
3.30838
3.11165
2.71738
3.02971
3.34239
3.0494
2.85184
3.07633
3.29071
3.297
3.18059
3.00382
2.71647
3.28639
3.27598
3.02882
2.89465
3.20742
2.97683
3.17576
3.78365
2.95828
2.87874
3.20836
2.94961
3.22489
3.32043
2.63706
3.28807
2.66008
3.2037
3.50398
2.96678
2.95747
2.87235
3.2101
2.91256
3.33511
3.35865
3.41997
3.20944
3.24075
2.8804
3.09702
3.49174
3.3729
2.69467
3.45244
3.16629
2.86738
3.02652
3.20463
2.63929
3.21346
3.14835
2.58152
3.44481
2.6518
3.18804
3.0422
3.34542
3.13228
3.32411
3.28292
2.83114
3.10071
3.19497
2.92
3.44628
2.58841
3.22609
3.13457
3.03077
3.08656
3.39521
3.22945
3.4157
2.69559
3.04342
2.94835
3.27563
2.90221
3.0263
3.24927
3.13055
3.61629
2.94906
3.30232
2.94032
2.74222
3.00587
3.25753
3.31174
3.24783
3.07167
3.16256
3.05835
3.18051
3.32448
3.01142
3.22467
2.92538
3.13989
3.06379
3.22284
2.826
3.21848
3.01548
2.64106
2.70037
2.87744
3.03824
2.99505
3.48209
3.10651
3.72045
2.67469
3.6702
2.96515
3.33241
3.01633
3.34841
3.056
2.98599
2.99545
3.39713
3.21079
3.3651
3.42454
3.29594
3.24463
3.02091
2.80931
3.29929
2.77874
2.97396
3.17228
3.30443
3.29375
3.21463
2.84395
3.17886
3.12356
3.33118
2.73794
3.29443
3.19808
3.00112
3.37264
2.92228
3.07845
2.74252
2.99415
3.33609
2.92597
2.86245
3.25015
3.15767
3.23482
3.02927
3.46856
3.18991
2.69416
2.72632
2.94725
3.00775
2.99238
3.04392
3.02896
2.73037
3.02283
3.23352
3.22462
3.40918
3.16734
3.12473
3.09513
3.23598
3.11297
2.77385
3.13982
2.69458
3.36312
2.89992
3.20085
3.27241
3.33891
2.96459
2.59614
3.58793
3.01085
2.99394
3.05722
3.20585
2.62136
3.05833
3.16343
3.4084
2.8188
2.75847
3.16169
3.19472
3.06013
3.21785
3.38577
3.27864
3.08288
2.99876
3.39704
3.10184
3.20389
3.46906
2.69551
3.06577
3.16337
3.02251
3.22465
3.32563
3.13606
2.61678
3.03905
3.24668
3.4628
3.42973
3.36305
3.07908
3.38153
2.98278
3.0343
2.73545
3.08373
2.72664
3.00262
2.90144
3.43203
3.22975
2.70493
3.05093
2.89015
3.25897
3.40569
3.3936
3.18382
3.12715
3.08972
3.61207
2.7916
3.1914
3.31344
3.024
2.86303
3.05432
3.17075
3.49343
3.34874
3.06789
3.28942
3.22121
3.51564
3.46196
3.28766
3.19677
2.98513
3.23068
3.34027
2.91986
3.41938
3.30142
2.96009
2.83937
3.01338
2.77852
3.52666
3.21006
3.16192
3.16498
3.35393
2.94178
2.75877
3.01339
3.18648
2.93277
2.66853
3.1495
3.17852
3.24976
2.83789
3.13701
3.01925
2.99587
3.17038
2.95932
3.02995
2.85966
3.58925
3.02242
3.16039
3.34781
3.7477
2.76816
3.15947
3.25692
3.30107
3.10015
2.87836
2.91906
3.10362
3.11382
2.84598
3.30767
3.37243
3.37101
2.83252
2.9173
2.6454
3.10275
2.69121
2.85651
3.04581
3.05283
2.7572
3.31594
2.63755
3.16877
2.94943
2.71988
3.0412
3.11321
3.30564
3.23365
2.68062
2.81843
3.03932
3.39335
3.14286
2.81615
3.17505
2.90713
2.76706
3.28854
3.28283
3.06571
3.1358
3.54885
2.95064
3.05121
2.96683
3.36266
2.89617
3.00196
3.65873
3.57446
3.00384
3.07601
2.69335
2.9022
3.1349
2.84969
3.53082
3.61124
2.5771
2.94538
2.97587
3.0139
3.27851
3.0506
3.13705
3.30981
3.36934
3.07438
3.16014
2.99868
3.38772
2.57558
2.9433
3.16814
2.65927
3.04502
2.70098
3.20517
3.22833
3.23183
3.04956
3.09252
3.3402
2.96387
2.56247
3.02602
3.02947
2.75181
3.42627
3.4359
3.16707
3.28813
3.20673
3.85124
3.39887
3.42793
3.24936
3.15287
2.94692
2.86425
3.19986
2.78472
2.67227
3.32199
3.27386
3.0357
2.70976
3.13719
2.93294
3.28775
3.10819
3.10207
3.0727
3.42666
3.16859
3.05554
3.25422
2.65311
3.0713
3.20558
3.13006
2.87595
2.99652
2.87577
2.95553
3.09075
3.02621
3.03973
3.04805
3.01212
2.6117
2.99338
2.99629
3.0994
3.14338
2.86102
2.9865
3.23846
2.61605
2.90075
2.71721
3.24222
3.28904
3.05644
3.03206
2.8735
3.11924
3.33134
2.71528
2.60709
3.22654
3.08211
3.35723
3.3399
2.66967
3.54019
3.33654
3.17635
3.43132
3.05064
3.00974
2.77243
3.57578
3.14871
2.87649
3.28603
3.21466
3.12581
3.16702
2.98837
3.22398
2.71782
2.96985
3.43988
3.04795
3.01695
3.04484
2.92048
3.17002
2.82828
2.92847
2.96367
3.39889
3.11438
3.27992
3.41403
3.11185
3.46643
3.33024
2.85844
2.97778
2.78256
2.86794
2.89066
2.95009
3.51375
2.83398
2.74269
3.21276
3.24556
3.28248
3.22993
3.72789
3.29229
2.9214
3.00067
2.89024
2.99941
2.86033
3.23197
2.90986
3.45597
2.7203
2.821
2.89687
3.33725
3.29593
3.24907
3.04591
2.87281
3.06577
2.53059
3.00139
3.40139
3.07526
2.87287
3.02996
3.20411
2.96284
2.61985
3.01167
3.09528
2.78458
2.96219
3.47029
2.76594
2.77358
2.81396
3.01011
2.85991
3.40151
2.9788
3.13184
2.84777
3.336
2.69275
3.33929
2.78484
2.80671
2.92462
2.46762
3.20294
3.24582
2.79146
3.26197
3.08175
3.15949
2.64816
3.13286
3.52049
3.17421
2.97855
3.05666
3.39808
2.78462
2.67925
2.47794
3.11967
3.13193
2.84044
3.23277
3.1158
2.68378
3.14569
3.17069
2.94846
2.80949
3.29817
2.80541
3.43587
3.2777
3.31668
3.09156
2.87421
2.8807
3.22993
3.1909
3.252
3.05269
3.07199
3.26411
3.00381
2.65036
3.49651
3.03589
3.13825
2.91542
2.92635
2.6345
3.47078
2.94983
3.38114
2.74632
3.40136
3.39982
3.1429
3.01678
3.24238
2.99752
3.04745
3.07615
3.03859
2.54375
3.17732
2.72082
3.06415
3.16049
3.1758
3.21903
2.96903
3.02719
3.08352
3.22704
2.99676
2.88327
2.87829
2.78542
2.53728
2.95321
2.61795
3.21033
3.11614
3.01007
3.64387
2.90259
2.60358
3.25719
3.21026
2.96147
2.63038
3.17665
2.99116
3.20642
3.27242
2.79293
3.30963
3.51673
3.01068
3.04782
3.21592
3.13184
2.9945
3.15269
3.02608
3.12096
3.41062
2.75275
3.19654
3.01841
2.84909
3.57454
3.23567
2.84755
2.7985
3.22474
3.26238
2.91469
3.14704
2.52608
3.34457
3.26876
3.12438
3.06623
2.87027
3.25843
2.75421
2.90984
3.33291
3.21725
2.76437
3.18403
3.04956
3.0095
3.14484
3.14883
3.376
2.87579
3.06249
3.04198
3.27786
3.18717
3.0148
3.1666
2.9406
3.12868
2.54713
3.37212
3.13298
3.12068
3.23587
2.78326
3.13769
2.87363
3.17348
3.3182
3.12243
3.39589
3.16552
3.39726
3.03119
3.01069
3.05687
2.9431
3.0798
3.18193
2.81835
3.15103
2.95518
3.41494
3.007
2.87367
2.99461
2.99583
3.00129
2.96854
3.33933
3.1957
3.41299
2.71001
3.00559
2.9541
2.98348
2.99748
3.21395
2.98432
3.239
3.34863
2.87605
3.2794
2.90513
3.25492
2.90678
3.38657
3.38031
3.13326
3.23402
2.80563
2.72845
3.03771
3.24039
3.16243
3.33399
3.27166
3.4047
3.32795
2.75087
2.97282
2.93036
3.29811
3.40105
2.89804
2.51553
3.42212
2.64036
3.04693
3.27499
3.42407
3.52042
2.87789
3.00177
3.28794
3.06212
2.81925
2.9325
3.4689
2.71143
3.36175
3.41053
3.02538
3.51776
3.07994
2.51378
3.09906
2.81656
3.25717
3.24973
3.14932
3.10062
3.13393
2.94658
3.08715
2.63063
3.28768
2.73958
3.12348
3.29494
3.32905
2.78048
2.95561
3.56157
2.93986
2.98447
3.17121
3.14106
3.34624
3.14566
3.0476
2.9693
3.25272
2.76038
2.77004
3.28418
3.01907
3.30507
3.17823
2.79551
3.13908
2.88369
3.0843
3.42374
2.71059
3.25529
3.2649
2.6046
3.39211
3.37227
2.82157
3.0624
3.35065
2.98778
2.9518
3.11339
2.7624
2.75206
3.10673
3.41661
3.1944
3.24859
3.06305
3.2795
2.98458
3.16091
3.33004
3.0229
2.77052
3.16668
2.5947
2.52459
2.91656
3.14709
2.94805
3.40916
2.87609
3.16958
3.58214
3.38915
2.81702
2.87036
2.99581
2.83808
2.68107
2.91344
3.10706
3.14855
3.04744
3.14218
3.08268
3.16174
2.9594
3.19879
2.79302
2.70081
3.20831
2.83265
2.7249
2.79093
3.10972
3.03319
2.58092
2.96382
3.30457
3.0774
2.87277
3.48133
3.22521
2.98265
3.12535
2.93063
2.97154
3.41412
3.10108
3.56425
2.91312
3.11605
2.97108
2.96762
2.98742
3.26153
3.36259
3.4922
3.07099
2.97029
3.45439
2.95173
3.59158
2.76515
3.45895
3.00694
3.17435
3.00521
2.82512
2.60676
3.32451
3.0252
3.0941
3.07955
3.11822
3.14249
3.25652
3.15456
3.37283
3.2882
3.13243
2.94887
2.99303
3.01017
3.24273
3.46492
3.03929
2.94574
2.80626
2.98354
3.27268
2.898
2.78927
3.19429
3.20931
2.79003
3.26371
2.80567
3.07301
3.33153
3.21636
2.7446
3.16588
2.98138
3.09389
2.78419
3.65157
3.15776
3.18716
3.042
2.84877
2.81549
2.96334
2.92763
3.23322
3.16575
3.22984
2.93383
2.84912
2.59275
2.62134
3.30225
2.97308
2.88529
2.98791
3.32696
3.11864
2.87121
3.0189
3.13126
2.99938
3.11046
3.31282
3.17328
2.90703
3.07481
3.34102
2.75461
3.02247
3.52509
2.94528
3.07372
2.7799
3.56785
2.82645
3.18149
3.10809
3.35898
3.20175
2.91269
3.17088
3.00656
2.99758
3.14733
3.40796
2.78602
3.13363
3.23465
3.16792
3.2151
3.16174
2.97118
3.19895
3.18239
3.41959
3.03587
3.04618
3.31096
3.22235
2.95331
3.35944
3.01993
3.05412
3.54443
3.40822
2.89764
2.84659
2.75325
3.09146
3.38465
3.23111
3.37111
3.51594
2.99485
3.33408
3.07716
2.83305
2.90703
2.9151
2.4507
2.64171
3.28877
3.38129
3.34737
3.47158
3.39709
3.36853
3.12977
2.96976
2.94884
3.24771
3.17711
2.92496
3.46851
2.99097
3.54872
2.94003
3.16887
3.14665
2.9912
3.11819
3.00767
3.01121
3.03967
3.44372
2.85091
2.88824
2.96809
2.77961
3.17738
3.07401
2.79283
3.17418
3.4843
3.07885
3.03013
3.01062
3.09391
3.13495
3.17007
3.04174
3.31097
3.66226
3.50211
2.92508
3.06977
3.1862
3.00342
3.52379
3.35285
2.46011
3.0928
3.54615
2.9283
3.21019
3.3186
3.42433
3.27975
3.18802
2.82437
2.94548
2.95058
2.85214
2.89732
3.39467
3.24434
2.92411
2.80137
3.42115
3.09197
3.12441
3.74587
3.35285
3.22878
3.07654
3.0463
2.78614
2.59906
3.276
2.78053
2.87504
2.72911
3.3105
2.52483
3.09873
3.35018
3.1716
3.40217
3.30765
3.37385
2.91904
3.15622
3.20723
2.85132
3.30704
2.62347
3.1362
3.0298
2.93184
3.32753
2.71492
2.9709
3.27044
2.9644
2.86298
3.03629
3.20514
2.53704
3.54562
3.45089
2.85651
2.84261
2.98465
3.36129
2.86949
3.06845
3.03262
3.34502
3.01795
2.89956
2.93398
2.81728
3.10424
2.82851
2.77695
2.86426
2.9069
2.69772
2.82539
3.01001
2.93561
3.07689
2.96689
2.86708
3.23306
3.25354
3.8235
3.24868
3.13531
3.07125
2.72379
2.85705
3.36624
3.20436
2.85279
3.26343
3.25223
3.279
2.97443
2.64201
3.09364
3.08786
3.14883
3.24387
2.8324
3.77136
3.09973
3.15388
3.15342
3.22151
3.19326
2.96636
2.84019
3.58599
2.90676
3.0477
3.33953
3.20514
2.83571
2.80096
2.90471
3.18387
2.97145
3.38253
3.40312
3.15188
3.52243
3.13892
3.05254
2.85319
3.23985
3.36757
3.56381
3.05381
3.20027
3.07042
3.24834
3.40501
3.09827
2.6416
3.01217
3.31789
3.17299
3.0428
3.09015
3.28732
3.32369
2.91583
2.52626
2.95121
3.20418
2.95951
3.45682
3.37223
3.12422
3.00016
3.01143
2.83741
3.03333
3.10329
2.58469
2.85848
2.9414
2.92687
3.40995
2.91041
2.90682
3.30956
2.72145
3.32157
3.15978
3.21543
3.39917
2.79877
3.18374
3.39414
3.19057
3.11106
3.57127
3.11792
3.50495
2.96108
3.54482
3.12188
3.3437
3.10655
3.04151
2.85669
3.23
2.83814
3.12045
3.14395
3.03045
3.22678
2.97509
2.94709
3.2628
2.8027
3.11073
2.96809
3.41642
2.95143
3.09052
2.88314
3.08942
3.2418
3.20042
3.03161
2.81506
3.18163
3.22386
2.91046
3.05735
3.07437
3.30766
3.25539
2.79408
3.7036
2.81918
2.86134
3.43497
3.32447
3.26949
2.70124
3.16957
3.0491
3.29888
2.80832
3.67735
3.12719
3.30354
2.77599
3.41342
2.9288
2.89693
3.32308
3.31237
3.2678
2.79118
3.23037
3.26471
3.21269
3.27706
3.1172
3.37241
3.11235
3.42664
3.39822
3.02967
3.35972
3.58068
3.21641
3.50733
3.05258
3.18455
3.13082
3.06938
3.34454
3.22942
3.34551
3.04532
2.97514
2.56368
3.30554
3.38656
3.13769
3.18313
3.02487
2.95054
3.1935
2.84352
3.06569
3.66087
2.94109
2.95211
2.62112
2.86154
3.46798
2.91314
3.17589
3.1928
2.69675
2.97672
3.1531
3.18037
3.15296
2.88856
3.20541
2.78434
3.00348
3.36797
3.30171
2.85108
3.63727
2.69646
2.79955
3.10796
3.11749
3.0585
2.7606
2.98143
2.82872
3.421
2.92418
2.50623
3.58575
2.66581
3.24328
3.42972
3.29824
3.20195
3.25307
3.16316
3.22969
3.10216
2.82125
3.60201
3.09388
3.09438
3.38974
3.10928
3.29094
2.83242
2.94648
3.04285
3.29354
2.94404
2.7316
3.12217
3.27596
3.12531
2.98951
3.07347
3.47182
2.7188
3.17552
2.85752
3.62574
3.25444
2.80556
2.95381
3.03395
2.97276
2.48174
3.33276
3.26685
3.06735
3.19451
3.67495
3.22513
3.57925
3.55289
3.04101
3.56203
3.1823
3.13777
3.10715
3.22148
2.99137
2.83104
2.80881
3.20312
3.11959
2.8739
3.18849
3.10925
2.98866
3.07407
2.81229
3.30728
2.95724
3.08262
3.26488
3.13826
2.70609
2.90674
3.07163
2.96705
2.66732
3.10522
2.7538
3.07296
3.30235
3.07353
2.90878
3.20884
3.04833
3.64241
3.12228
3.1624
3.20713
2.54019
3.51223
3.38763
3.0457
2.91186
2.83372
3.12626
3.25163
3.24573
3.33184
3.17452
3.04146
3.01511
3.11826
3.26198
3.31992
2.82206
3.53628
3.15796
2.87856
3.11086
2.93256
2.99494
3.09432
3.37389
3.10132
2.80856
3.16214
3.08934
3.27369
3.22036
2.89674
3.09603
2.68
3.00714
2.56536
3.36395
2.80514
3.34459
3.19314
2.55795
2.64587
3.47362
3.11968
3.29845
3.27092
3.11344
3.48375
2.69543
2.94187
3.47973
3.12583
2.95306
2.89719
3.3132
2.96902
3.18039
3.25909
2.81677
3.44032
2.99639
3.22681
3.11397
2.74248
2.70145
2.83415
2.88849
3.06954
2.98829
2.87514
3.43123
2.68103
3.22246
3.54511
2.60049
2.75962
3.05974
2.92592
3.01581
2.91786
3.25191
3.09041
2.93029
3.02369
3.17554
3.28032
2.5733
3.0611
3.09132
3.49571
2.93009
2.88557
2.7609
3.06174
3.45793
3.08688
2.91309
2.88772
3.1508
2.78467
3.35477
3.18067
3.21496
2.87838
3.16251
2.8046
2.87329
3.91494
3.13619
3.54444
3.2595
2.95215
2.88519
2.71924
3.06957
3.11349
2.85696
3.16186
3.22873
2.91653
3.27167
3.08721
2.97428
2.7791
2.75986
3.08298
3.17226
2.88789
2.96864
3.11298
3.02844
2.63075
3.10946
3.17548
3.09708
2.583
3.06953
2.75822
3.16448
3.56612
3.28239
3.57464
2.59736
3.01995
3.01412
3.24624
3.01108
3.29743
3.15848
2.86986
3.11114
3.29307
3.13
2.64494
3.39804
2.80599
3.83884
2.90215
2.92143
3.38809
3.09171
3.0361
3.08657
2.56003
3.29846
3.46948
3.01977
3.26696
2.64503
3.23807
3.01756
3.3751
3.54258
3.13282
2.70885
3.15632
3.06347
2.99791
2.98914
3.3826
3.47895
3.15055
3.09966
2.56404
2.6748
3.14627
3.36119
3.29723
3.23512
2.733
2.57591
3.31656
3.2154
3.16307
2.88468
2.98271
3.36733
3.39467
2.68544
3.03099
3.03146
2.95583
3.16744
3.20147
2.95545
2.88957
2.58985
3.47796
3.46855
2.74278
3.34089
3.10638
3.19913
3.17172
3.10235
3.29598
3.05708
3.32865
3.13625
3.24424
2.9399
3.05108
2.86296
3.04111
3.13176
3.39913
3.37895
2.92768
3.2803
2.77188
3.38036
3.10961
3.14662
3.13446
3.11654
3.02145
3.04354
2.96027
2.93087
3.12762
2.55773
3.356
3.10239
2.7426
2.99719
3.30525
3.15063
3.41862
2.95821
3.04958
3.53694
2.71141
3.39388
2.81696
2.96257
2.9732
3.19889
3.04278
3.03341
3.29204
3.03644
3.10966
2.91642
2.57706
3.11087
2.91091
2.96859
3.21748
3.71334
3.18056
3.5529
3.43056
3.10443
3.11791
2.89346
2.92216
3.05896
2.84643
2.52151
3.41443
3.14616
2.83191
3.33454
2.73616
3.31552
3.35437
3.22606
2.87373
3.1987
3.26707
3.04879
3.0885
2.87784
3.24324
3.26781
3.08147
3.48886
3.34551
3.00743
3.4648
3.27308
2.90046
3.13666
3.06083
3.24194
3.27891
3.30153
2.63495
2.76783
2.55501
3.23362
3.21242
3.18379
3.35227
2.76677
3.54333
2.95325
2.64965
3.36863
3.18661
3.24527
3.38581
3.64918
2.96949
3.09745
2.64085
3.52704
2.97437
3.08289
3.57896
2.84501
3.01418
2.62726
3.05607
3.1221
3.25132
3.46387
3.10016
3.32287
3.10818
2.93204
3.69347
2.84714
2.85181
3.01258
2.88842
3.17208
2.68357
2.96412
3.28967
3.12911
3.43692
3.39632
2.96267
2.77005
3.03433
3.27378
3.21588
2.99049
2.88378
3.31156
2.95885
3.3323
3.2991
2.62153
2.92618
3.02664
3.08608
3.29336
3.08332
3.31678
3.0628
2.9723
3.0319
3.00472
3.81832
3.15209
3.44105
3.07422
3.10184
2.53692
2.84839
3.07852
3.03986
2.99101
3.17328
3.24634
2.71505
2.97947
3.37142
3.30874
2.71636
2.91816
2.9301
3.55521
3.20663
2.91954
2.72052
3.01982
2.87099
3.2041
2.81049
2.54659
3.21593
3.05344
2.61162
3.13227
2.93604
2.77323
3.3327
3.24606
3.31829
2.82895
3.02961
2.96913
2.71005
2.63802
2.96746
3.47919
2.85039
3.21632
2.7258
3.42659
3.20335
3.14023
3.11512
2.85788
3.33449
2.70814
2.83449
3.37014
2.95213
3.4475
2.97838
3.2982
3.03794
2.91632
2.54354
2.80274
2.85091
3.30513
3.10026
3.5485
2.95654
3.28501
3.09791
3.04628
3.06346
2.99527
3.08004
2.60993
3.05627
3.28753
2.81942
2.89224
2.53803
2.94691
2.96371
3.63037
3.04916
2.79642
3.38969
2.96232
3.33616
3.39642
3.02698
3.10855
2.92902
2.95172
2.95818
3.01954
3.12267
3.4515
3.15329
2.92553
2.86622
3.13028
3.03438
3.07305
3.34323
2.8709
3.15853
2.99749
3.28311
2.91681
2.96611
3.39941
3.07638
2.77764
3.4726
3.08389
3.45589
3.46381
3.11843
2.74268
3.14753
3.06961
3.13129
3.01711
3.60299
3.00664
2.90373
3.13028
3.03868
2.57926
2.95809
3.04203
2.92977
2.76787
3.23599
3.07825
3.70717
3.01069
2.59345
3.04191
2.5247
3.03843
3.12216
3.32902
3.15176
3.32337
3.04477
3.02285
3.15369
2.87563
3.02177
3.32685
3.42048
3.21866
3.23375
3.24315
3.1557
3.24915
3.3171
2.83526
2.77881
3.17809
2.65134
2.55947
3.3147
2.85814
3.41534
3.3193
3.02921
2.83121
2.83427
2.65628
2.92486
3.33095
3.731
3.03656
3.10642
2.63967
3.003
3.51269
2.8243
3.45471
3.14709
3.15324
3.052
2.96667
3.06113
2.74495
3.10013
3.32924
3.29122
3.09188
3.05993
3.11595
3.34766
3.31367
3.00136
2.81186
3.05199
3.51748
3.24846
3.5177
3.11641
3.1688
2.79316
3.10151
3.14344
3.06618
3.0509
3.22303
3.65547
2.96805
3.45545
3.37374
3.02891
3.06522
3.39689
3.26825
3.25389
3.41169
2.76924
3.42564
3.16279
3.10953
3.17903
2.9593
3.05457
2.75646
2.85439
3.28855
3.06242
3.34001
2.99667
2.77321
3.56432
3.06572
2.99202
3.17119
3.02754
3.43881
3.14481
3.55961
3.01511
3.08339
3.32433
3.03178
2.94417
3.2051
3.44666
3.13388
3.30826
3.04457
3.06414
3.49097
3.00334
2.86079
2.78975
3.40449
2.69856
3.09132
2.94693
2.79766
2.98138
3.31295
3.1541
2.98472
3.11403
3.45655
3.06836
2.68087
2.99783
3.17386
3.33293
2.95784
2.86119
3.31854
3.39354
3.11102
2.6544
3.0771
3.04759
3.07084
2.95397
3.06183
3.10281
2.58305
2.84399
2.88859
3.30529
3.03624
2.95262
3.05473
3.16606
2.70047
3.4126
3.04944
3.14158
2.88016
3.37669
2.89008
2.83354
2.66816
3.45028
3.26963
2.73965
3.77864
2.71276
3.46207
3.17139
2.51954
2.86736
3.23107
3.57297
3.67603
3.21061
3.02475
2.97568
2.85127
3.11612
2.84316
2.87734
2.81007
3.27979
3.24935
3.22005
2.89989
3.34099
3.04694
3.09621
3.05523
2.73302
2.79089
2.68396
3.07233
3.46873
3.23679
3.0558
3.0001
2.98488
3.1432
3.21986
4.01144
2.82491
2.99466
3.15125
2.85799
3.62392
2.83684
2.92517
2.86839
3.33597
2.96192
2.88377
3.3963
2.85833
2.84585
3.01846
3.13779
3.60043
3.20519
3.15017
3.40487
2.80748
3.63084
2.96132
3.32999
3.33055
2.6847
3.22539
3.55566
3.24825
2.87589
2.93124
3.17554
2.86971
3.09162
3.11476
3.0126
3.18588
3.33579
3.05242
2.90498
3.29296
2.85962
3.08912
3.4777
3.43525
3.35544
3.04313
3.27533
3.14848
3.36957
2.5251
3.12134
3.27154
3.31499
2.85693
3.20357
3.34858
3.60846
2.90615
3.13363
3.05826
3.0311
2.75153
3.29526
2.84429
2.85604
2.75345
3.42811
3.08473
2.70184
2.98506
3.07417
3.54062
3.23447
2.97072
3.31605
2.97696
3.31292
3.16976
3.00093
3.52454
2.47392
3.08825
2.83392
2.88903
2.81541
2.97753
3.37394
3.19551
3.17282
3.34269
2.6138
3.2653
2.76744
3.22214
2.96694
3.23059
2.64594
3.00489
2.92743
3.01995
3.10167
3.2762
3.12589
3.07928
2.72835
2.92694
3.02629
2.89713
3.07406
3.04355
3.45439
2.62042
3.11802
3.17551
3.12664
3.31932
3.05873
3.05681
2.88579
3.36832
3.066
3.48241
3.21374
2.82283
2.55072
2.86181
3.04454
2.74561
2.98859
2.80016
3.08698
3.18391
3.37945
2.81271
3.18814
2.67186
2.92461
3.47269
2.89721
3.18541
2.68957
3.12158
2.55616
3.10785
3.12808
2.89214
2.51658
2.61415
3.31156
3.16689
3.37608
3.13649
3.39105
3.05753
3.24576
3.37366
2.72191
2.69293
2.81304
2.95785
2.85208
3.58823
2.72872
3.22317
2.78397
3.14511
2.73194
2.99456
2.87317
3.03594
3.35573
3.00035
2.74821
3.33445
2.96322
2.75189
2.8069
2.9476
3.47748
3.58252
3.17884
3.19612
3.29195
3.56076
3.10353
3.05711
3.10142
3.24183
3.35288
2.97096
2.74261
2.91351
3.40514
3.18233
3.43992
3.22984
2.66939
3.26604
2.70249
2.85385
3.1817
2.94827
3.34759
3.18708
3.09324
3.0792
3.06853
3.1253
3.06313
3.67267
3.44366
2.75382
3.34798
3.28594
3.03611
2.77695
3.26329
2.72725
2.88073
3.23254
3.12322
3.34312
3.11243
3.21553
2.99401
2.89184
3.02052
3.44982
3.46142
3.06913
2.65928
3.60107
3.20052
3.48634
3.32073
2.87352
3.48081
2.89486
3.03943
3.02488
2.77115
3.57139
3.26356
3.05697
2.9983
2.72157
2.87952
2.84529
2.63482
3.0776
2.88939
3.31069
3.39928
3.48087
2.81359
2.87756
3.16044
3.00353
3.18954
2.80466
3.17765
2.86501
3.17075
2.87988
3.08547
3.27924
3.39317
3.35344
3.08983
3.06987
2.9558
2.79135
3.23718
2.72855
2.7568
2.8673
3.02409
2.70514
3.42278
3.31952
2.90777
3.21881
2.78033
2.91819
3.68686
3.41349
3.20601
3.3363
3.17149
2.94057
3.17512
3.27496
2.95539
2.94162
2.98409
3.01141
2.65305
3.25742
3.31763
3.63354
3.29938
3.37684
3.05851
3.09714
3.09035
3.20453
2.85586
3.1446
3.03567
2.91904
3.28996
3.55343
2.75537
3.20207
3.34343
3.19246
2.83291
3.24835
3.23827
3.13688
3.1941
2.89452
2.76436
2.5582
3.18478
3.29622
3.18142
3.49871
3.30596
3.02182
2.79126
3.0916
3.02258
2.99756
3.44411
2.97386
3.2965
3.04845
3.19968
3.41462
2.84834
3.27834
2.63865
3.08398
3.59308
3.08739
3.72419
3.15552
3.41744
3.01177
2.7683
3.0545
3.378
3.02042
2.60127
3.39915
3.55476
2.54787
3.09382
2.86823
2.53165
3.02144
3.09012
3.02132
3.14278
3.1447
2.913
3.37835
3.33387
3.36669
3.39197
2.88715
3.28457
2.42376
2.92496
3.3079
3.03204
3.03857
3.47406
3.02401
2.85213
2.90209
3.02779
3.12774
3.52942
2.75017
3.21321
2.61735
3.57734
3.08342
3.46121
3.11172
3.07913
3.05037
3.24336
3.21658
3.3123
2.38985
3.28662
2.90333
3.38942
3.16873
3.19098
3.16521
3.23626
2.71088
3.10077
2.77727
3.46118
3.14557
2.94587
3.41713
3.31327
2.90663
2.68626
2.68644
3.16983
3.26154
3.30071
2.82753
2.88556
3.50757
2.99796
2.8838
3.02838
2.91192
3.00514
2.94351
3.30805
2.93048
3.56968
2.78797
2.85044
3.49023
3.17858
3.38575
2.88984
3.06441
3.24614
2.74688
3.20132
3.27711
2.88366
2.51295
2.98011
2.72933
3.03589
3.44718
2.72061
3.01826
3.41815
3.45278
2.82704
3.30501
2.92362
3.00563
3.32754
3.77938
3.00843
3.22057
2.82266
2.92676
2.90759
2.71117
3.48433
2.85951
2.87734
3.06295
3.00998
2.68717
2.88976
3.16243
2.94899
2.85116
2.80937
3.14007
3.29349
2.91389
2.96782
3.22877
3.32585
3.29666
2.90761
3.53671
2.41522
3.29047
2.91048
3.04721
2.63543
3.04462
3.0468
2.72725
3.14374
2.92122
3.10926
2.82247
3.27419
3.13264
3.0498
2.70823
3.19619
2.94671
3.03017
3.07291
2.86518
3.05213
2.9316
2.93023
3.17338
3.29344
2.9904
3.61293
3.44275
3.00081
3.37277
3.11283
3.46905
2.7198
3.44404
3.21186
3.32472
3.36034
3.44896
2.8475
3.38981
3.0632
2.73348
3.29815
2.87871
2.87555
2.87278
2.8109
3.39475
3.29125
2.69487
2.98185
3.08889
3.28056
2.89399
3.18915
3.33946
2.51918
3.23945
3.28165
3.04868
3.30223
3.09637
3.17265
3.51508
3.40423
3.3698
3.37485
3.52807
3.12549
2.8365
3.2214
3.19
2.86279
2.68283
2.87155
2.80203
3.18828
2.87516
3.66446
2.45104
2.82438
2.82499
3.19264
3.17876
2.97231
3.14409
3.27841
3.70773
3.39188
3.14312
3.07001
2.90413
3.0972
2.98949
3.57786
3.4636
3.08821
3.6017
3.18016
3.24798
3.57555
3.54689
3.14061
3.2434
2.91857
3.24653
3.48225
3.08245
2.75255
3.22695
3.21544
3.10905
3.21279
2.74556
2.84125
2.73166
2.85952
2.78035
3.38162
3.47056
3.37843
2.9126
3.10663
2.89469
2.92335
3.17675
3.13114
2.89924
3.15601
3.13107
3.40187
3.36764
2.91019
2.95927
3.11525
3.15945
2.59952
2.62755
2.75522
3.10676
3.35436
2.83665
2.73558
2.83448
3.72294
3.27176
2.43824
2.90797
2.96868
2.94477
3.01729
2.88088
3.5017
3.26432
2.96318
3.36919
3.48387
2.82782
3.39997
2.8548
3.1423
3.07206
3.20638
3.26417
3.28392
2.9774
2.69536
3.29663
2.82249
2.88777
3.26995
2.94398
3.01992
2.92048
3.00912
3.29818
3.30931
2.80449
3.42444
3.01908
2.51272
3.21189
2.81764
3.60713
3.17596
3.41761
3.22339
2.69739
3.10851
3.02315
2.64497
3.73016
2.92698
3.06945
3.02466
3.11065
3.33352
2.8362
3.23925
3.7895
2.82836
2.73989
3.19089
3.11819
2.43368
3.2427
2.90944
2.78816
3.12396
3.43891
2.86402
3.16903
3.20359
3.34123
3.16301
2.97628
3.23279
3.13684
3.40347
2.73811
3.37421
3.10491
3.79036
3.23261
3.21854
2.77974
3.30797
3.27059
3.06786
3.48039
2.98494
3.07648
3.49751
2.99929
3.06558
2.88417
3.17305
3.18306
3.17411
2.87883
3.13479
2.90213
3.12954
3.128
3.38981
2.69975
2.67835
3.37173
2.80953
2.83522
3.30053
3.14768
3.40626
2.90639
3.24113
3.05945
3.46013
3.20728
3.25486
3.13307
3.171
3.21645
2.86431
2.72093
3.30794
3.22612
2.59025
2.66081
2.77525
3.5693
3.24286
3.25866
3.09104
3.3765
3.56308
3.00317
3.16479
2.8055
3.81288
2.95015
3.28319
3.24985
2.83259
3.18649
3.29823
2.94205
2.92417
3.23847
3.48399
3.54038
3.0533
3.07969
3.1165
3.11047
3.22982
3.00101
3.48512
3.18788
2.82676
3.24931
3.29628
2.88088
3.13675
2.77974
3.30937
3.16805
3.13659
3.33482
3.05495
3.14506
2.62166
3.41423
3.01932
3.18105
2.79252
2.87766
3.13723
2.67839
2.87863
2.9373
3.46131
2.67367
2.62487
2.82354
2.83212
2.78334
3.38074
3.26761
3.05173
2.88277
2.85487
2.63612
3.42283
2.6891
3.19041
3.16305
2.77679
3.01958
3.47673
3.21264
3.34001
2.61522
2.93095
3.322
2.68519
2.91435
2.87841
2.93048
2.65701
3.41334
3.34956
2.9923
2.81966
3.39032
3.40793
2.59485
3.55237
2.98862
3.17031
3.35961
3.05933
3.04737
3.03525
3.31945
3.40851
2.82385
3.01027
3.08946
3.58098
3.4275
3.11038
3.3792
2.99882
3.25309
3.05036
2.94765
2.82287
2.95596
3.43524
2.949
3.15471
2.8909
3.0332
3.5474
3.41066
2.95784
3.46073
3.01635
3.016
3.11645
2.73229
2.98219
3.5182
2.98519
2.61803
2.8582
2.87834
2.5999
2.75964
3.24454
3.13948
2.88278
3.45065
3.01477
2.92226
3.03332
3.04989
3.2459
2.97587
2.98194
2.9683
2.84677
2.96822
2.81348
3.15448
3.12156
3.11975
3.25993
3.17796
2.97419
3.24535
3.22678
2.95635
3.15974
3.16384
3.4878
3.23132
3.3041
3.03096
2.49285
3.33611
3.44093
2.70279
2.9054
3.18045
3.36387
2.93542
3.10055
3.3218
3.32029
2.96993
3.10467
2.81725
3.24581
2.9495
2.95658
2.73294
3.13017
3.11193
3.15661
3.31218
2.92966
2.99574
2.60337
3.31605
3.2084
3.05563
2.95103
3.07365
3.31182
2.73597
2.8405
3.06986
3.10977
3.35623
2.91527
3.2206
2.78492
3.14082
3.28615
3.0233
2.86932
3.17327
3.35786
3.2217
2.73226
2.73155
3.27193
2.52267
3.4932
2.87353
3.13763
3.29123
2.70117
3.33692
3.01562
2.74399
2.7309
3.15663
3.78644
2.76008
2.57831
2.67699
2.91198
2.99266
2.95302
3.40503
2.5219
3.00507
3.11249
2.65507
2.88326
2.97066
2.72344
3.58357
3.3861
3.19592
3.50706
3.22316
2.46605
3.05551
3.411
3.21714
2.853
3.20054
3.39095
2.72936
2.87424
3.31366
2.73363
2.77008
3.05268
3.10927
2.92068
3.09202
3.19729
3.07332
3.54708
3.66924
3.03236
2.92526
3.12405
3.05207
3.02744
3.1749
2.95725
2.67169
3.03856
2.92232
2.93981
3.29697
2.48267
3.48173
2.75205
2.99328
2.71836
3.59708
3.35376
3.10536
3.20243
2.9792
3.06649
3.27036
3.31571
3.13732
3.40216
2.87688
2.80099
2.75658
3.13228
3.00641
3.24678
3.16821
2.99833
3.12253
2.61152
3.05761
2.95308
3.1608
2.90096
3.33245
3.52959
2.92485
3.09483
2.94496
2.90639
2.83245
2.61781
2.94264
3.02576
3.21312
2.68723
3.24278
2.97147
2.86222
3.31822
3.11929
3.31679
2.95794
2.69187
3.17703
3.08647
3.36094
2.51752
2.87188
3.29979
3.0639
3.16867
3.22021
3.49009
2.76558
3.39162
2.84971
3.192
3.05021
3.14506
3.24552
3.52751
3.19785
2.84655
3.31648
3.39353
2.91915
3.20468
3.18432
2.52299
3.18569
2.99085
3.16153
2.76398
2.9037
3.27131
3.02685
2.99922
2.9789
3.12982
3.41512
2.77683
3.69931
3.07199
3.03634
3.02749
2.83333
2.89408
3.05214
3.89975
3.20844
3.11428
3.37459
3.04572
2.56036
3.12615
3.33047
3.07899
3.29708
2.95976
3.00228
3.08594
2.89523
2.95154
3.06117
3.09865
3.5965
3.00577
3.05174
3.06274
3.11183
3.39876
2.68661
2.91932
3.29491
2.6986
3.17898
3.52344
3.27231
2.59063
3.0914
2.90711
2.81442
3.65191
3.28836
3.02868
2.834
2.81794
3.11912
3.7436
3.06053
2.99353
3.43978
3.05621
2.68874
3.16026
3.35179
3.33786
3.03986
2.59592
2.85895
2.94129
2.80103
3.19636
3.38515
3.20935
3.45158
2.99569
3.21982
3.149
3.03947
2.75457
3.1353
3.02448
3.25635
3.25161
3.07439
2.89498
3.01409
3.07397
2.89807
3.13153
3.23234
2.66059
3.2505
3.13012
3.22018
3.09364
3.30205
3.02101
3.52602
3.13398
3.09452
2.97406
3.11972
3.16391
3.11825
3.6305
2.7953
3.36613
3.01469
3.2303
3.13077
3.62663
3.16392
2.96925
2.7107
2.59033
3.35438
3.28657
2.90611
2.7092
3.05068
3.16975
2.92246
3.06407
3.11227
3.1651
3.01758
3.23371
2.87721
3.47829
3.39488
2.95532
2.97991
3.31125
3.07413
3.24001
2.79393
3.27694
2.95948
3.68944
3.07822
2.79322
2.89612
3.39726
3.36365
3.34609
2.95533
2.77506
3.18856
3.16385
2.7322
3.11962
3.137
3.68838
2.92557
3.73627
3.05291
3.07859
2.98425
3.21499
3.4218
3.23285
3.29485
2.81006
3.13696
2.94682
3.15932
2.78483
3.3618
3.11269
3.03575
3.27238
3.30437
3.06934
3.27263
3.25043
3.61067
2.76241
3.07608
3.52055
2.6056
3.2355
3.26127
3.54934
3.40158
3.15778
2.97078
2.76895
3.50001
3.17363
2.87976
2.70609
2.80003
3.02025
3.14654
3.18824
3.21189
3.5001
3.05045
3.18624
3.05701
3.11099
3.32505
3.04304
2.86843
3.22987
3.17218
2.90332
2.95993
3.21486
3.17949
3.69951
2.92806
3.04951
3.15827
3.35367
2.92233
3.38026
3.11773
2.86517
3.32135
2.33689
2.51064
3.36758
3.09784
3.05513
2.84227
3.11958
3.28093
3.36041
2.90709
3.12368
2.76688
3.51071
3.24614
2.92566
2.956
3.2086
2.92746
2.72991
2.89273
3.24728
2.73866
2.78289
3.16293
3.06431
3.424
3.04825
3.15224
3.33993
3.03944
2.90956
2.86125
2.98728
3.25361
3.16311
3.34252
2.8693
3.21255
3.07872
3.27235
3.1568
3.00266
3.02913
3.08529
2.99392
3.53557
3.56282
3.02241
2.81547
3.40006
2.77347
2.89245
3.1699
3.26322
2.80868
3.21875
2.88264
2.93776
2.81859
3.59434
3.1542
3.09629
3.44863
3.14539
2.79317
3.40067
3.03448
3.04081
3.4108
3.3365
3.0731
2.70461
2.77111
3.42083
3.29611
2.84927
3.01236
3.18825
2.98336
3.46624
3.31074
2.82904
2.91753
3.13006
2.90994
3.39125
2.88152
3.05662
3.3241
2.93558
2.70887
3.43413
3.05575
2.86027
2.88822
3.16442
2.7881
3.31519
3.24009
2.97113
2.94351
3.55942
2.96802
3.44379
3.15865
3.20171
2.92527
3.27149
3.27967
2.64198
3.06832
3.44259
3.10839
3.12838
3.27255
3.49451
2.86552
3.09187
2.95041
3.27859
3.13863
3.51718
2.89455
3.35237
3.75928
3.13535
3.10807
3.54688
3.37435
3.25242
2.66167
3.16205
2.92463
3.30421
3.37072
2.83232
2.66239
2.95522
2.74639
3.3228
2.99548
2.70504
3.13696
3.11568
2.83249
3.33454
3.01124
2.7126
2.97536
2.95476
3.4651
3.02355
2.91278
2.91618
2.95229
3.1518
3.21977
2.98662
3.41242
3.23478
2.99411
3.24266
3.41364
3.32415
3.12956
3.30096
2.86541
2.91878
3.19496
2.68873
2.77264
3.10023
2.91894
3.3617
3.02133
2.66029
3.23463
2.61132
2.90217
2.96009
2.69686
3.33468
3.08796
2.98511
3.048
2.9189
2.81547
3.36842
2.90497
3.28988
3.43399
3.13615
3.13286
3.41252
2.97248
3.25808
2.88567
3.22599
2.68674
2.94841
3.38254
3.31654
3.08109
2.83481
3.11252
2.9204
3.42861
2.72483
3.32243
3.28947
2.98706
3.43692
3.16688
3.34281
3.29925
2.9493
3.46319
3.04088
2.92607
3.2076
2.70422
3.37513
3.46967
3.15188
2.91035
3.07068
3.09706
2.92598
2.70575
3.26235
2.99464
2.80992
2.82138
2.90496
2.92581
3.04923
3.24823
2.57524
3.22935
2.67675
3.44113
3.37974
3.0325
3.32339
3.18137
3.11323
3.09074
2.92789
3.05405
2.94095
2.58115
3.37461
2.95561
3.01546
3.11625
3.17263
3.20504
2.87391
3.32822
2.99026
3.28001
2.98906
3.07671
2.90144
3.05894
2.91489
3.48263
3.04277
3.22435
3.15294
2.85974
2.77377
3.27256
2.98649
2.59238
3.24155
3.37999
3.27878
3.23899
2.91943
3.32741
3.01681
3.32768
2.90647
3.56646
2.85886
3.37303
2.81955
3.62707
3.14421
3.57657
3.3411
3.2161
3.24557
2.8165
2.89421
2.91701
2.93066
3.02511
2.92773
3.1942
3.55151
2.50941
3.17044
2.66657
3.26157
2.8847
3.33374
3.20112
2.95812
2.91505
3.32166
3.42707
3.12182
3.07397
3.0597
3.17385
3.1096
2.7275
2.78364
3.16868
2.80743
2.85512
3.04055
3.3896
2.77832
3.25543
3.01108
2.61573
3.05573
2.96226
3.22363
3.26716
3.22128
2.66538
3.4446
3.02913
3.11379
2.93901
3.00194
2.96399
2.65895
3.12752
3.17189
3.15208
3.19384
3.3112
3.16721
2.7698
3.1024
3.11539
3.05366
3.09095
3.43952
3.28335
3.08635
2.83872
2.90987
2.90623
3.09558
3.14826
